from __future__ import annotations
from typing import Optional

# Definition for singly-linked list.

class ListNode:
    def __init__(self, val: int = 0, next: Optional[ListNode] = None):
        self.val = val
        self.next = next

class LinkedList:
    def __init__(self):
        self.head: ListNode | None = None
        self.last: ListNode | None = None

    def insert(self, val: int):
        new_node: ListNode | None = ListNode(val)
        if self.head == None:
            self.head = new_node
            self.last = self.head
        else:
            last_node: ListNode | None = self.last
            if last_node is not None:
                last_node.next = new_node
            self.last = new_node

    def print_ll(self):
        cur: ListNode | None = self.head
        ll_str = ""
        if cur != None:
            ll_str: str = f'{str(cur.val)} -> '
            while cur.next:
                cur = cur.next
                ll_str += f'{str(cur.val)} -> '
            ll_str += "None"
        print(ll_str)

    def insert_arr(self, arr: list[int]):
        for val in arr:
            self.insert(val)

ll = LinkedList()
ll.insert_arr(
    [1,3,3,1,3,1,3,3,2,3,2,2,1,1,1,3,2,2,1,1,2,2,2,3,3,1,1,2,2,2,1,2,1,1,2,3,3,2,2,3,2,3,2,2,2,1,1,3,2,3,3,1,1,1,2,2,1,2,2,2,2,3,1,3,1,1,1,2,1,2,2,2,1,3,2,2,2,3,3,2,3,3,1,1,2,2,1,2,1,3,2,1,3,3,1,2,1,1,1,1,1,2,1,2,2,2,2,3,3,3,1,1,3,2,1,1,2,1,3,3,2,2,1,3,1,3,1,3,2,2,3,2,3,2,2,1,2,3,1,3,1,2,3,3,2,3,3,3,1,1,2,3,1,2,3,2,1,1,2,3,1,1,3,1,2,2,3,2,1,3,1,2,1,3,2,1,1,2,2,2,1,3,1,3,2,3,3,1,1,3,1,2,1,2,3,1,2,1,1,3,1,3,3,1,1,1,2,2,1,3,1,2,2,3,2,1,3,2,1,3,2,2,3,3,2,2,1,3,2,2,2,2,2,3,2,2,3,1,3,2,1,3,2,1,2,3,3,3,1,2,2,3,1,1,2,2,3,2,1,1,1,1,1,3,2,2,2,1,3,2,1,2,3,2,1,1,2,1,3,3,1,3,1,2,2,1,2,3,2,3,3,1,2,3,2,2,3,3,2,1,3,2,2,2,3,3,3,1,1,2,1,1,2,3,3,3,1,3,2,2,1,2,2,1,2,3,1,3,2,2,3,3,3,1,2,3,2,1,3,1,1,2,2,1,1,1,2,2,3,1,3,1,2,3,3,3,2,2,3,1,1,1,3,2,1,1,3,1,2,3,3,3,2,1,2,3,2,3,2,1,3,2,2,2,2,1,1,3,1,1,1,3,2,2,2,1,2,3,2,3,2,2,1,2,3,2,1,1,3,1,3,3,1,1,1,1,1,2,3,3,3,1,3,2,2,3,1,1,3,1,1,1,3,1,1,2,2,2,1,1,1,1,2,1,3,3,3,1,2,2,2,2,3,3,1,2,2,3,1,3,1,2,1,2,2,3,3,1,3,3,2,1,3,1,1,3,1,2,3,3,3,3,1,1,3,3,3,3,2,2,2,1,1,3,2,2,2,3,1,3,3,3,1,1,3,1,3,2,3,1,2,3,2,2,3,3,3,1,2,1,2,1,2,3,1,2,2,2,1,1,1,2,2,1,2,1,1,1,3,2,1,2,3,2,2,2,1,2,3,2,2,1,3,3,3,1,2,3,3,1,1,3,3,1,1,2,1,2,3,1,2,3,2,2,3,2,1,3,1,3,1,2,2,2,2,1,2,3,3,2,2,2,3,2,2,1,2,2,3,1,3,1,1,1,2,3,3,2,2,3,3,2,3,1,1,2,2,2,3,2,2,1,1,3,2,2,3,3,3,3,1,2,3,3,1,3,3,1,2,2,1,3,2,3,3,2,3,2,1,2,1,2,2,3,3,2,3,3,1,1,2,1,3,2,2,3,1,2,1,3,1,1,3,3,3,3,2,3,3,3,1,3,2,2,2,3,3,1,2,1,2,3,2,2,2,2,3,3,1,1,3,3,2,1,3,2,2,3,2,3,2,2,2,3,1,2,1,3,2,2,1,2,2,3,2,2,2,2,2,1,1,2,1,3,3,2,2,2,1,3,3,3,3,2,3,3,2,3,3,1,3,3,1,3,2,2,2,2,2,1,2,2,3,3,3,1,2,3,1,3,2,2,2,2,3,1,1,1,3,2,3,3,2,3,1,2,1,2,2,1,2,2,3,3,1,2,3,2,2,3,3,1,1,1,2,1,2,3,3,2,2,2,2,3,1,1,1,3,3,1,1,1,3,3,3,2,3,3,1,1,1,2,3,2,2,2,2,1,2,2,3,1,3,1,2,3,1,3,3,1,2,3,2,2,3,3,1,1,2,1,2,3,3,3,2,1,2,1,2,3,1,2,2,1,2,2,2,1,2,3,3,3,3,1,2,1,3,1,1,2,1,3,1,3,2,3,2,3,3,1,2,2,2,3,3,2,1,1,3,1,2,1,3,1,2,1,2,2,2,1,3,1,1,2,2,1,2,1,2,3,3,1,1,3,1,1,1,2,2,3,1,3,3,3,3,2,2,1,3,2,3,2,2,1,3,3,2,1,2,1,2,2,3,1,2,2,1,2,2,3,1,3,3,2,3,1,1,1,3,3,3,3,3,3,1,1,1,3,3,2,2,1,1,3,2,2,2,3,3,3,1,2,2,1,1,3,3,3,2,2,2,2,3,1,2,1,2,2,3,3,3,2,2,2,1,1,1,3,1,1,1,1,1,1,1,2,3,1,3,1,1,3,1,2,1,3,2,2,3,1,2,3,3,2,3,1,1,2,2,3,3,2,2,1,2,2,1,2,2,1,2,1,3,2,1,2,3,1,1,2,3,2,2,2,3,2,3,3,1,1,1,3,3,1,1,2,1,1,1,2,3,3,2,3,3,3,1,2,3,2,2,2,2,2,2,2,1,1,2,2,1,3,1,1,2,3,1,2,3,2,1,2,2,1,3,3,2,2,1,2,1,3,1,3,2,1,1,3,2,3,1,1,2,3,1,1,1,3,2,2,3,2,3,1,2,2,3,1,3,2,1,1,3,2,2,1,3,2,1,2,3,3,1,3,3,3,1,1,2,1,1,2,3,3,2,2,3,2,1,1,2,3,1,1,3,2,3,2,1,2,3,2,1,1,1,1,3,2,3,2,3,1,3,2,1,3,1,3,3,2,2,3,2,3,1,3,2,1,2,2,2,3,3,2,1,2,3,1,1,3,1,2,2,2,3,2,3,1,1,2,1,1,3,1,3,2,1,1,1,3,1,1,3,3,3,3,1,2,3,2,3,2,1,2,1,3,1,3,1,2,2,3,2,3,2,3,3,3,3,1,1,2,2,3,1,1,3,2,1,1,2,1,2,1,1,1,1,1,1,2,3,3,3,3,2,3,1,2,3,3,1,1,3,1,1,1,2,1,1,2,2,2,2,2,1,2,2,2,2,2,2,1,3,3,1,2,2,1,2,1,1,1,1,2,2,3,2,2,2,3,1,3,1,2,2,2,3,3,3,2,1,2,1,1,3,3,2,3,1,2,1,2,2,3,2,3,3,3,3,1,1,1,1,1,1,2,3,1,1,3,1,3,2,3,1,1,1,2,1,1,2,2,2,3,2,2,2,1,3,1,1,1,1,2,3,2,3,2,2,1,3,1,2,1,2,1,2,2,3,1,2,3,3,2,1,1,3,2,3,1,3,1,1,1,2,3,2,1,3,3,1,3,3,3,3,2,2,3,3,1,3,2,2,3,3,2,3,3,3,1,1,2,2,2,2,1,3,3,1,3,2,2,3,1,2,1,1,3,1,1,2,1,1,3,1,1,3,2,2,2,2,2,3,2,1,3,3,2,1,1,2,2,3,2,1,2,1,2,1,2,1,1,1,3,2,2,2,1,3,3,2,3,2,1,1,3,3,1,3,1,3,3,3,3,3,3,3,3,3,2,3,2,2,2,2,2,2,1,1,1,2,3,1,2,2,2,3,1,2,2,1,2,2,1,1,2,3,1,2,2,2,3,3,1,1,3,2,3,2,2,3,1,2,1,1,1,2,3,3,1,1,2,1,2,3,3,2,2,3,1,3,3,3,3,1,1,3,2,2,3,2,1,3,1,3,2,1,2,1,2,1,3,2,3,1,3,2,2,3,3,3,1,2,3,3,1,1,2,1,2,1,3,2,1,1,1,2,2,2,2,2,1,2,1,3,2,1,2,2,1,1,2,3,3,1,3,2,2,3,3,2,1,3,2,1,3,3,2,2,1,3,2,1,3,2,3,2,2,1,2,1,1,3,1,1,3,3,3,3,1,2,3,3,3,3,2,3,2,3,3,3,3,1,1,2,2,1,2,2,2,3,2,1,2,1,2,3,1,1,1,3,1,2,3,2,3,2,2,2,3,1,2,3,2,1,1,1,1,1,2,3,1,3,2,2,3,3,3,2,1,2,2,1,3,2,2,1,2,3,1,3,3,1,3,3,2,2,1,1,2,3,1,1,3,3,1,3,3,3,3,2,3,1,2,2,1,1,1,1,1,3,1,3,2,3,2,1,2,2,1,2,3,2,1,1,3,2,3,2,3,3,1,2,1,2,3,3,2,3,3,2,3,2,3,3,3,1,2,3,2,1,2,3,2,2,1,3,3,3,1,2,3,3,1,2,1,1,2,1,2,1,2,2,3,3,2,1,3,1,1,1,2,2,1,3,3,1,1,2,2,3,2,3,2,3,3,1,3,1,2,3,3,1,2,2,1,1,2,1,1,3,3,2,3,3,1,2,3,3,2,2,3,1,2,3,3,3,3,1,2,3,1,2,2,1,1,3,1,2,3,3,1,2,2,1,3,2,3,2,1,2,1,3,2,3,1,1,1,2,3,1,3,2,2,2,2,2,3,1,2,2,1,2,2,3,2,2,1,3,1,2,2,2,1,2,3,1,1,3,2,3,2,3,3,2,1,3,2,1,3,2,2,3,1,1,3,3,1,2,3,2,1,3,3,3,3,1,1,3,1,3,2,2,3,3,1,3,1,1,2,1,1,3,1,1,2,3,3,1,1,3,2,2,3,3,3,3,2,2,2,2,3,2,1,3,1,2,1,3,3,1,3,3,2,2,2,3,1,3,1,2,2,2,3,1,3,3,1,3,3,2,3,1,1,2,2,2,2,3,1,1,2,3,1,1,3,1,3,1,1,3,3,2,2,1,3,2,2,2,2,3,1,1,1,2,1,1,1,2,2,3,2,1,2,1,1,2,3,2,1,1,1,2,2,3,3,1,3,1,2,2,1,2,2,1,1,1,1,2,1,1,1,1,3,2,3,1,3,3,1,3,1,2,1,1,1,2,3,3,2,1,1,3,2,3,2,3,3,2,3,3,2,2,1,3,2,2,2,3,2,1,1,3,2,1,2,2,1,1,2,1,2,3,2,1,3,2,2,2,3,1,3,2,1,3,2,1,1,1,3,1,1,1,2,2,2,2,2,3,2,3,1,3,1,3,3,2,3,3,2,3,3,3,2,2,3,3,3,1,3,2,1,1,3,2,3,3,2,2,3,1,1,1,2,3,1,3,3,3,3,1,1,3,3,3,1,1,2,1,2,3,2,1,3,1,1,3,3,3,2,3,1,2,2,2,2,1,2,3,3,3,2,1,3,2,1,3,3,3,1,2,3,3,2,1,1,3,1,1,3,1,3,2,3,1,3,2,2,3,2,3,3,2,1,2,3,1,1,1,3,3,3,3,1,2,2,1,3,2,1,3,3,1,1,2,2,1,1,1,2,1,3,2,1,2,3,2,1,1,3,2,2,3,1,1,1,2,2,2,2,3,2,1,3,3,2,3,2,3,2,3,1,1,3,2,1,2,3,1,2,2,1,3,3,2,2,1,3,3,1,3,1,1,3,2,3,2,2,1,2,2,3,2,2,1,3,1,2,1,3,2,1,3,1,3,2,3,2,2,2,1,3,1,1,2,2,3,2,1,2,1,2,3,1,1,3,1,3,2,3,1,1,1,3,1,2,1,3,1,1,2,2,1,2,1,1,2,1,3,1,2,2,2,2,2,1,2,3,2,1,3,1,2,1,2,2,2,1,1,1,2,3,1,1,3,2,3,2,2,2,2,2,2,2,1,2,2,3,3,3,2,1,1,1,3,2,2,3,2,2,1,2,2,2,3,3,3,1,3,3,2,3,1,2,3,1,3,2,1,1,2,1,1,2,1,1,3,3,2,2,3,2,1,2,3,2,1,3,1,2,3,1,3,3,3,2,1,2,2,1,1,1,3,3,2,1,1,1,3,1,2,1,2,2,3,2,3,3,3,2,3,3,1,2,3,2,1,1,1,2,3,1,2,3,1,2,3,1,3,1,3,1,2,2,1,1,3,1,1,3,1,2,3,2,1,3,3,2,2,2,2,2,3,3,2,1,1,1,2,2,3,2,3,3,2,3,1,3,2,2,2,1,2,2,2,2,3,2,1,1,2,2,3,3,2,1,2,3,2,2,3,2,3,2,3,3,1,3,3,3,2,3,1,2,3,3,2,3,1,2,2,1,1,3,3,2,3,2,1,3,2,3,3,1,3,1,2,3,1,2,2,2,3,3,2,1,3,1,3,2,2,3,2,2,2,2,2,2,2,3,3,1,3,2,3,2,1,1,2,1,2,1,1,2,2,3,3,2,1,1,1,3,3,2,1,1,3,1,3,1,3,3,2,2,2,3,1,1,2,3,3,1,2,2,2,1,3,3,1,3,3,1,2,3,3,2,3,3,2,1,3,1,2,1,3,1,1,1,3,3,2,1,1,1,2,2,3,3,2,3,3,1,3,2,3,3,3,2,2,1,2,3,2,3,3,2,2,2,1,2,3,3,3,2,3,3,1,1,3,3,1,2,1,3,3,3,1,3,3,3,2,1,3,3,1,3,2,3,1,2,1,3,3,3,3,1,3,3,1,1,3,2,3,2,1,3,1,1,2,2,1,1,3,1,3,1,3,1,2,2,2,2,3,2,1,3,3,1,2,3,2,3,2,3,1,2,2,2,2,3,1,1,1,3,2,2,3,1,2,2,3,3,2,1,2,1,3,2,1,3,2,1,3,1,1,2,1,2,3,2,3,1,1,2,3,1,1,2,2,2,2,3,2,2,1,2,1,2,1,1,1,1,1,3,1,1,3,3,3,1,3,2,3,3,1,2,1,2,2,3,1,3,3,1,3,3,3,1,1,2,2,3,2,2,3,2,1,3,3,3,3,3,2,1,2,2,3,1,1,1,1,1,3,3,2,3,3,3,2,3,2,1,2,3,2,2,1,2,2,1,2,3,3,1,3,3,2,1,1,1,2,3,2,3,1,3,2,2,3,1,1,2,1,3,2,2,2,2,1,2,2,1,1,2,1,1,2,1,1,2,2,3,2,2,2,1,2,3,2,3,2,3,2,1,2,3,3,3,1,1,2,1,3,1,2,1,1,3,3,1,1,3,2,2,1,3,2,2,2,2,1,3,2,2,2,2,2,3,2,3,2,3,3,3,1,3,3,1,1,3,1,2,2,1,1,2,3,2,3,2,1,3,1,2,3,2,3,3,3,2,1,2,1,3,2,2,1,2,3,3,1,2,2,1,3,3,3,3,1,3,3,2,2,3,2,1,3,2,2,1,3,1,3,2,1,2,3,1,3,3,1,2,2,3,1,1,3,3,1,3,3,3,1,1,1,2,3,3,2,3,3,1,2,1,2,3,3,2,2,3,3,3,3,2,2,3,3,3,1,1,1,1,1,1,2,3,2,2,1,2,1,3,1,2,3,3,1,1,3,1,2,2,1,1,1,2,1,3,3,1,1,1,3,2,1,3,2,2,3,3,2,2,1,1,3,1,2,2,2,1,2,1,2,2,1,3,3,1,2,3,3,3,1,3,3,1,3,3,2,2,2,3,2,2,3,1,3,2,1,3,2,2,1,1,1,2,2,2,1,1,3,1,3,3,2,2,1,2,2,3,3,2,2,2,2,1,1,2,3,1,3,3,2,3,2,3,1,2,2,2,2,2,3,3,2,1,2,2,3,2,3,2,2,1,1,1,2,2,3,1,3,1,2,3,2,1,3,3,1,1,2,3,3,2,1,3,1,2,2,3,1,1,1,3,2,3,1,3,1,3,2,2,3,3,3,2,3,3,3,2,3,3,2,2,1,2,1,3,3,1,1,3,3,2,2,3,2,1,2,3,1,1,2,3,2,1,2,3,1,1,3,1,3,1,3,2,2,1,2,1,2,2,1,2,3,3,1,3,2,2,1,2,2,3,3,3,1,2,1,2,2,3,1,3,1,2,1,3,1,2,1,2,2,1,2,3,3,1,3,3,1,3,2,1,2,3,3,3,3,3,1,2,1,2,2,3,1,2,3,1,3,3,1,1,2,1,1,1,3,2,1,3,3,1,3,2,1,2,1,1,1,1,2,1,3,1,2,1,1,3,2,1,1,2,3,1,1,3,3,3,1,1,2,2,3,1,2,1,3,2,3,3,3,3,1,1,3,3,3,1,2,3,3,3,3,3,1,3,2,2,1,3,1,3,1,3,2,1,1,1,1,1,3,1,1,2,1,2,2,2,3,3,2,3,2,3,2,3,3,1,2,2,3,2,2,1,3,3,3,2,3,1,3,3,2,2,1,2,3,2,3,3,2,1,1,3,1,2,2,2,1,2,1,1,2,2,2,1,2,1,3,1,3,3,1,2,2,3,1,3,1,2,1,2,1,3,3,1,3,2,3,2,1,1,3,2,1,1,2,2,2,1,3,3,3,1,3,3,2,3,3,1,2,3,2,3,2,2,1,2,2,3,1,3,2,3,1,2,2,1,3,3,3,2,2,3,2,2,2,1,3,3,1,1,1,2,3,1,2,3,1,1,1,1,3,3,1,1,3,1,1,3,1,1,1,2,2,1,1,1,1,2,1,1,2,3,1,2,1,2,2,2,3,2,1,1,1,1,2,2,3,2,3,1,1,3,3,2,2,1,2,1,1,1,2,2,2,2,3,2,3,3,2,2,1,1,3,1,3,2,1,2,2,2,3,1,2,1,3,1,3,3,3,1,2,1,1,2,3,2,3,2,3,3,1,3,3,3,2,2,3,3,3,3,3,3,3,2,1,1,3,1,1,3,2,1,2,3,2,3,2,3,3,1,2,3,2,3,2,1,2,3,3,2,3,1,2,1,2,1,2,1,2,3,2,2,2,3,1,2,3,3,1,1,1,3,2,2,3,1,3,2,3,1,2,1,1,2,3,3,3,1,1,1,3,2,1,2,1,2,3,3,3,3,1,1,1,3,2,2,2,3,1,2,1,2,3,1,2,1,2,1,3,1,1,1,2,1,1,3,2,2,3,1,3,1,1,3,3,1,3,1,3,2,2,3,1,2,3,3,3,3,2,2,1,1,3,2,1,3,1,1,2,3,2,2,2,2,3,1,2,2,1,1,2,2,2,1,1,2,3,1,2,2,1,2,3,3,2,1,2,2,1,3,2,1,3,2,1,3,2,3,2,3,1,2,2,2,1,2,3,1,2,2,1,1,1,3,2,3,2,3,3,1,3,3,3,1,3,1,1,1,2,1,3,2,3,1,1,1,1,2,2,3,3,1,1,3,1,3,2,1,2,2,2,1,2,3,1,1,2,3,2,3,3,1,3,2,1,2,2,3,3,1,3,2,2,2,1,1,2,2,2,3,1,3,2,1,3,3,2,3,3,3,2,2,3,2,1,3,2,2,2,3,2,1,2,2,3,2,2,2,3,2,3,1,2,1,1,1,3,1,2,2,2,1,3,1,2,3,1,2,1,1,1,1,3,3,2,2,1,3,2,2,2,3,1,3,3,2,2,2,3,2,3,1,2,2,2,3,2,3,2,2,3,2,3,1,3,1,2,2,3,2,1,1,1,2,3,1,2,3,1,3,1,1,3,1,2,1,1,3,1,2,3,2,1,3,3,3,1,1,2,3,3,1,2,1,2,3,3,3,1,1,2,1,3,2,3,3,3,3,2,3,3,1,1,2,2,3,1,3,2,3,1,2,3,3,2,2,1,2,3,2,1,2,2,2,2,3,2,2,2,1,2,3,3,1,1,2,3,2,2,3,3,3,1,3,2,2,2,1,1,3,2,1,1,1,3,2,1,2,1,2,2,1,2,3,1,2,2,1,1,3,1,2,3,3,3,1,1,3,1,3,3,1,3,2,2,3,1,3,3,3,3,3,3,1,3,2,1,2,3,2,2,2,2,3,3,1,2,3,1,3,3,3,2,2,3,1,3,1,2,2,1,1,2,1,2,1,3,3,2,1,3,1,1,2,1,2,3,1,2,2,2,3,3,3,1,1,1,1,3,2,1,2,2,3,1,3,3,2,2,2,2,1,2,3,1,3,3,2,2,3,1,2,3,2,3,2,1,2,3,2,3,3,1,3,1,2,3,2,3,3,1,1,3,3,3,1,3,1,2,2,3,1,3,1,1,3,1,1,3,3,3,2,2,1,1,3,2,1,2,3,2,3,3,2,1,2,2,1,3,3,2,3,2,3,2,2,3,2,1,1,2,2,1,3,3,3,3,2,3,1,3,1,1,1,3,3,2,1,3,1,3,2,1,3,2,1,3,3,1,3,1,3,3,1,2,2,2,3,1,3,2,2,1,2,1,3,2,2,2,1,2,3,3,3,1,1,2,3,3,1,3,1,2,3,1,1,1,3,1,3,2,3,2,3,1,3,3,1,2,2,1,1,2,1,2,3,3,1,2,2,1,2,2,1,1,1,1,2,2,1,2,3,3,2,1,3,2,1,2,1,1,1,1,2,1,2,3,1,2,3,2,1,3,2,1,3,3,3,1,3,1,2,2,3,1,3,2,1,1,1,2,2,2,3,2,2,3,3,2,2,2,1,2,2,2,1,3,3,2,1,3,2,3,2,2,1,3,1,3,2,3,1,3,3,1,1,3,3,3,1,2,3,1,2,3,1,3,1,2,2,3,1,3,3,3,2,3,3,3,2,3,2,3,1,3,2,3,3,3,3,2,1,1,1,1,2,2,1,1,3,2,3,2,3,3,2,3,3,2,2,3,2,3,3,1,3,3,2,2,2,3,3,1,1,2,1,1,3,3,3,2,3,3,1,1,2,3,2,2,2,2,1,1,1,3,3,1,3,2,1,1,1,1,3,3,1,3,1,2,2,3,2,1,1,2,1,3,2,3,2,1,3,3,3,2,3,2,3,3,2,2,3,1,3,2,2,2,3,3,1,1,2,2,3,1,2,2,2,3,3,3,1,2,3,3,1,3,2,2,1,2,1,2,3,1,3,3,1,2,2,2,2,2,1,3,2,2,3,2,1,1,1,3,3,2,1,1,2,2,3,3,3,1,2,1,3,2,2,1,3,1,2,3,1,3,1,2,1,3,3,1,2,2,3,2,1,1,1,2,3,3,3,3,1,1,1,2,2,2,2,1,1,1,3,2,3,2,2,3,2,1,1,1,2,2,3,2,2,3,3,2,3,2,1,1,1,3,1,1,1,2,1,2,1,1,3,2,2,1,2,2,3,3,1,3,1,3,2,1,2,3,1,1,1,3,2,1,2,2,1,1,1,1,2,1,3,3,1,1,1,1,2,2,1,1,1,2,1,3,2,2,3,1,1,1,1,2,3,2,2,1,2,3,1,1,2,3,3,1,1,3,3,2,1,2,3,2,3,3,2,3,3,1,1,2,1,2,2,3,2,3,2,3,1,1,2,2,1,1,1,1,2,3,1,2,2,1,2,1,3,3,3,3,2,3,3,2,1,2,1,2,3,2,1,2,2,3,1,1,2,2,2,3,3,2,3,1,3,2,2,2,1,1,2,1,2,1,1,1,1,2,2,1,1,1,2,1,3,2,2,1,1,2,1,1,1,2,2,2,2,3,3,2,1,1,3,3,2,3,2,2,1,3,1,1,2,1,1,3,3,2,2,1,2,2,1,1,3,2,3,1,2,2,1,3,3,2,1,1,2,2,2,2,2,1,3,1,3,3,3,3,1,3,2,3,2,3,1,3,1,3,2,2,3,1,1,1,1,3,2,2,2,1,3,1,2,1,3,2,3,1,2,2,3,3,2,2,1,3,1,3,3,3,3,2,3,1,2,1,3,3,3,2,1,3,2,2,3,1,1,2,3,3,1,1,2,2,3,3,3,3,3,3,2,3,1,3,1,1,1,2,1,3,1,3,1,1,3,1,3,1,1,2,1,2,2,3,1,2,1,3,1,2,3,2,2,2,2,2,3,1,1,2,2,3,3,1,1,2,2,3,3,3,1,3,2,3,1,3,1,3,1,3,1,1,3,3,3,1,1,3,3,3,2,2,1,2,2,3,1,2,2,3,3,1,2,1,2,3,3,1,2,2,3,2,2,2,1,1,2,2,2,2,3,3,1,2,2,2,1,2,1,1,3,1,1,1,1,2,2,2,1,1,1,2,3,1,2,3,1,3,3,3,2,1,1,1,1,2,3,3,1,3,1,1,2,2,2,3,2,2,2,3,1,1,1,3,2,2,1,2,3,1,2,1,3,3,3,1,1,3,3,1,1,3,3,1,2,3,1,3,2,2,2,2,3,3,2,3,3,2,2,3,2,2,1,3,1,1,1,3,3,2,2,1,1,1,3,2,1,3,1,3,2,3,2,1,3,3,3,2,2,3,2,2,1,3,1,1,3,2,2,3,2,1,3,3,1,1,3,1,3,1,1,3,1,2,1,2,3,1,3,3,3,3,2,2,3,3,3,3,2,3,1,1,3,1,1,3,3,1,3,3,3,3,1,1,2,2,1,3,3,2,2,3,3,3,3,1,1,1,2,2,3,2,3,1,1,2,3,1,3,3,2,2,2,1,3,1,1,3,3,1,1,2,2,2,3,1,3,2,2,2,3,1,1,3,3,2,2,1,2,1,2,2,1,3,1,3,1,3,2,1,3,3,3,3,2,2,2,3,3,2,2,1,1,2,3,2,1,3,3,1,2,1,2,3,1,1,2,3,3,1,3,2,2,1,3,3,1,1,1,2,1,2,2,1,1,1,2,2,3,1,2,1,3,2,3,1,1,3,1,2,1,3,3,2,2,1,1,1,3,1,2,2,2,3,2,3,2,2,3,1,2,2,1,1,3,3,3,1,3,1,2,2,2,3,1,3,2,1,1,1,3,1,3,2,3,3,3,1,1,2,2,2,3,2,2,2,2,1,1,2,1,1,2,2,2,1,1,1,2,1,3,3,1,3,2,1,2,2,1,2,3,1,1,2,2,3,3,2,2,1,3,3,1,3,2,2,3,2,1,1,3,2,3,1,1,2,3,2,2,2,1,2,2,3,3,2,2,1,1,2,1,1,1,2,1,1,2,3,2,2,2,3,2,2,2,2,2,1,3,1,3,3,3,3,2,3,3,3,2,1,1,1,3,2,3,3,1,1,1,3,1,3,3,2,1,1,2,3,2,3,2,3,2,1,3,3,1,1,2,2,2,1,1,2,3,2,1,1,3,1,3,1,1,3,2,3,2,3,1,1,3,1,3,3,2,3,2,3,1,1,3,1,3,2,3,1,3,2,1,2,1,1,2,2,3,2,1,2,1,1,2,1,2,1,1,2,3,3,3,3,2,2,3,3,2,1,1,1,3,3,3,2,1,2,2,1,2,2,1,3,2,1,2,1,1,1,3,1,2,1,3,3,3,2,3,1,3,2,1,1,2,3,1,3,2,3,3,1,2,1,3,3,1,1,1,2,2,3,2,1,3,2,2,1,2,2,1,3,3,1,2,2,3,3,2,2,1,3,3,2,2,1,1,3,2,3,2,2,1,2,1,3,3,2,1,3,2,3,3,1,3,2,2,3,2,3,3,2,3,1,2,3,3,1,2,1,1,2,3,3,2,2,2,3,1,2,1,3,2,1,3,3,2,1,1,3,3,1,3,3,1,2,1,2,2,3,2,3,2,1,1,3,1,3,3,1,2,2,2,3,2,3,2,3,3,1,2,3,3,2,2,3,1,1,2,3,1,2,3,2,1,1,2,1,1,1,3,3,3,3,1,2,2,2,3,3,2,1,3,1,1,2,3,3,3,3,1,3,2,2,1,2,3,3,3,3,1,3,3,3,1,2,1,2,1,1,1,3,3,1,1,1,2,2,1,3,3,2,3,1,3,2,1,2,1,1,1,1,1,1,2,3,2,1,3,3,2,2,1,1,3,2,1,1,3,2,1,2,1,2,3,1,2,2,3,3,2,3,3,1,2,2,1,3,1,2,3,3,3,2,2,2,3,3,2,2,3,3,2,1,3,3,3,1,3,1,2,3,2,1,2,1,2,2,3,1,2,3,2,3,3,3,1,3,3,3,1,2,3,2,3,3,2,1,2,1,3,1,3,3,2,3,3,2,1,3,3,1,1,3,1,2,3,3,2,3,3,1,2,1,2,1,3,3,3,1,3,3,2,1,2,1,1,1,2,3,1,1,2,3,3,1,1,1,3,2,1,1,1,2,1,2,3,2,2,1,1,3,3,1,3,3,3,1,2,2,2,1,1,1,2,1,1,2,1,1,2,1,1,1,3,3,3,1,3,1,2,2,2,2,1,2,2,1,1,3,3,1,2,2,1,1,3,1,1,3,1,2,2,3,1,3,1,2,3,2,1,3,3,3,1,2,2,1,2,1,1,3,2,1,1,1,3,1,2,1,2,2,3,1,1,3,3,3,3,3,3,1,3,3,2,1,3,2,2,2,1,3,2,1,3,3,2,2,2,1,1,3,1,3,1,2,2,3,2,2,3,3,1,3,3,2,1,3,1,3,3,1,3,2,2,3,3,1,3,3,3,3,3,1,2,3,3,3,3,3,3,1,3,1,3,1,3,2,1,2,1,1,1,1,3,3,2,3,2,3,2,2,2,1,3,2,3,2,2,3,3,2,1,2,2,2,3,2,1,3,1,3,1,2,1,2,3,2,3,1,1,3,1,1,1,1,1,1,2,3,1,2,3,2,2,2,1,3,1,1,1,1,2,1,2,3,2,2,2,1,2,3,1,1,1,3,2,1,1,3,2,1,2,1,2,2,3,3,1,3,1,3,1,1,1,3,2,2,3,2,2,2,3,2,2,3,3,3,1,2,2,2,3,1,3,3,3,3,1,1,1,2,1,2,2,1,3,2,2,2,2,1,2,3,3,1,1,1,1,1,3,3,3,3,1,1,1,3,3,2,3,2,1,2,2,3,2,2,3,1,2,3,1,3,1,3,2,3,1,3,1,1,2,2,1,2,3,3,3,2,3,3,2,2,3,1,2,3,2,2,3,3,3,1,2,1,1,2,3,1,3,1,3,3,1,1,2,2,3,3,2,2,1,2,1,1,3,2,2,1,1,2,3,2,2,1,1,3,2,3,3,3,2,3,1,1,1,2,1,2,3,2,3,2,3,1,2,3,2,3,1,1,2,2,3,1,1,2,1,3,3,1,3,2,2,2,3,1,1,1,1,1,2,2,2,3,2,1,2,2,2,1,2,1,3,1,3,1,3,2,1,2,3,1,3,1,2,3,2,3,1,2,3,2,1,2,2,3,3,3,1,3,3,3,2,2,3,1,3,1,2,3,2,3,2,3,3,2,3,3,2,2,2,1,1,2,2,2,3,3,1,2,1,1,3,1,1,2,1,2,1,3,2,1,1,2,2,1,3,1,3,2,1,1,3,1,2,3,3,2,3,3,1,1,3,3,1,1,1,2,1,2,1,2,2,1,3,2,1,2,2,1,1,2,2,2,2,3,1,3,1,2,3,1,2,1,2,3,3,1,1,3,1,1,2,1,3,3,1,1,1,1,3,2,2,3,2,2,1,2,1,1,3,1,1,1,1,1,1,2,3,3,1,3,2,2,2,3,2,2,3,3,3,2,2,3,2,3,2,2,1,3,3,3,3,3,3,3,1,1,3,1,2,2,1,2,2,1,2,2,3,3,3,2,1,3,2,1,3,3,1,3,2,3,3,3,2,1,1,3,3,3,2,2,3,1,3,1,3,3,1,3,3,3,3,2,1,1,1,2,3,3,2,2,2,2,3,2,2,3,1,1,3,2,2,2,1,2,2,2,1,3,1,2,1,1,1,1,3,2,3,3,2,1,3,1,2,3,3,2,3,1,3,2,3,1,1,1,3,3,1,2,1,1,2,1,3,1,3,3,1,1,1,2,2,2,2,1,3,2,3,3,3,2,3,1,3,2,2,1,1,3,1,3,2,2,1,3,1,3,3,1,2,2,2,1,1,2,2,3,2,2,2,2,1,3,1,1,3,3,1,1,1,1,2,3,1,2,3,1,1,2,2,1,2,1,3,3,2,2,2,2,2,3,2,2,3,2,2,2,3,1,2,2,2,1,1,1,1,3,3,1,1,3,3,2,2,2,3,3,3,1,3,3,2,1,1,2,3,2,1,3,1,1,2,1,2,1,1,2,3,1,1,1,1,3,3,1,2,1,2,1,1,2,3,1,1,1,1,2,1,3,1,3,2,2,3,1,1,3,3,1,1,1,2,2,3,1,2,1,1,2,3,2,3,1,1,3,1,3,3,1,1,1,3,3,3,3,1,3,2,2,1,1,2,1,2,2,3,1,3,1,1,1,3,2,3,2,1,1,3,1,2,2,3,3,3,3,2,3,1,2,2,3,2,3,2,1,3,1,2,2,3,2,3,3,3,3,3,1,3,2,1,3,2,3,1,1,2,1,3,2,1,1,1,1,1,3,1,1,2,2,2,3,3,2,2,1,1,1,1,3,1,3,3,3,2,3,1,2,1,1,3,3,3,2,1,3,2,2,2,2,1,2,2,1,3,1,2,3,2,1,3,1,3,3,1,1,3,2,1,1,3,2,3,2,3,2,3,1,2,2,1,2,2,2,3,1,2,2,3,3,2,3,3,2,3,2,3,2,3,3,1,3,1,1,1,3,3,3,2,2,2,1,2,1,3,1,2,1,3,2,2,3,1,1,3,1,1,2,3,2,3,2,3,1,2,1,2,1,3,1,3,2,1,2,3,3,2,2,1,1,3,3,3,1,3,2,2,2,2,1,2,2,3,2,1,1,3,2,1,2,3,2,1,3,1,3,3,2,1,1,3,3,1,3,3,3,1,2,1,2,2,3,2,1,3,1,2,2,3,1,1,3,3,1,3,1,3,3,1,1,1,3,3,1,1,2,3,3,2,1,1,3,3,1,1,1,2,2,1,3,1,3,3,3,2,2,2,2,3,1,1,3,1,3,1,3,2,3,3,2,2,1,1,1,2,3,2,3,2,3,2,2,2,1,3,3,2,3,1,2,3,3,3,3,1,1,1,3,2,1,3,2,2,3,3,2,1,1,2,1,1,2,3,1,2,1,2,3,1,2,3,3,1,2,2,1,1,2,3,3,3,3,3,1,2,2,2,2,1,1,2,3,2,2,1,3,2,3,1,3,3,2,3,3,2,3,2,3,2,3,3,1,2,1,3,3,3,3,1,2,1,3,2,1,3,2,1,1,3,2,3,1,3,1,2,2,1,3,1,3,2,2,3,2,3,1,2,1,2,1,1,3,2,3,3,1,2,2,2,1,1,1,1,1,3,2,2,1,2,2,2,3,3,2,1,3,1,2,2,3,2,1,3,2,1,1,2,2,1,3,3,1,2,2,2,2,1,2,3,2,2,2,3,3,1,2,1,1,3,3,2,2,2,3,3,2,1,3,2,2,3,3,3,3,3,1,1,3,2,1,2,1,2,2,1,3,3,1,3,2,1,1,3,2,3,3,3,2,2,3,1,1,3,1,3,3,1,3,2,3,1,2,1,3,2,3,3,3,3,1,1,1,1,3,1,3,1,3,1,2,2,3,3,2,2,1,3,1,3,1,3,1,1,2,3,2,3,2,2,1,2,3,2,1,2,3,3,3,3,2,2,2,1,3,2,1,1,1,3,2,2,2,1,1,1,2,2,1,1,1,1,1,1,2,3,2,2,1,3,3,1,3,3,3,1,3,3,1,3,3,3,3,1,2,2,3,1,3,1,3,1,2,3,1,2,2,2,2,3,1,3,2,1,3,2,1,1,1,3,3,3,3,2,3,3,3,1,1,2,1,2,1,3,3,1,3,3,1,2,3,3,2,1,1,2,2,3,3,3,1,1,1,1,1,3,3,3,1,2,3,1,2,1,2,3,2,1,3,2,3,1,1,2,2,1,1,3,2,2,1,1,1,3,3,2,2,1,3,2,1,2,3,2,3,2,1,3,1,3,3,3,3,2,2,3,1,2,3,2,2,2,1,2,1,2,2,2,3,1,2,2,2,2,2,1,2,2,2,2,1,3,3,1,2,2,1,2,2,2,3,3,3,2,2,1,3,3,3,3,1,3,2,3,3,2,2,3,1,1,1,2,2,2,3,3,3,2,2,1,3,2,1,2,3,2,1,3,1,3,2,2,1,1,1,3,1,2,1,2,2,3,3,2,3,3,3,3,2,1,1,1,1,1,2,1,1,3,3,2,3,3,3,3,1,1,3,3,2,3,3,2,1,1,1,2,3,2,2,2,2,2,2,1,1,3,3,1,3,3,2,1,1,3,1,3,1,3,2,2,2,3,2,2,3,3,1,1,2,1,1,2,1,3,2,3,1,3,2,1,1,2,1,3,3,1,1,1,2,3,2,3,2,3,3,2,2,3,3,2,1,3,2,2,2,2,1,2,2,2,2,2,2,3,2,1,2,1,2,3,3,2,2,2,3,1,3,1,3,2,2,1,3,2,3,2,2,2,1,2,2,1,3,3,3,3,3,2,3,2,1,1,3,1,1,1,3,3,1,3,3,3,3,2,2,3,1,2,3,3,2,2,1,2,3,3,1,1,2,2,1,2,1,1,1,2,2,3,1,1,3,1,1,2,2,3,2,1,1,2,2,2,3,2,2,2,3,1,3,2,1,1,2,2,1,1,1,1,1,1,1,3,3,3,2,1,1,1,2,2,2,3,2,2,3,1,2,1,3,3,2,3,1,1,3,3,3,1,2,3,2,1,1,3,3,2,3,3,1,2,2,1,2,1,1,2,1,1,2,2,3,1,1,2,2,1,1,1,3,1,2,3,2,2,2,1,1,1,3,2,3,3,1,2,2,2,3,1,3,2,2,3,2,1,2,3,2,3,2,3,2,1,1,3,3,1,1,2,3,3,2,2,3,3,2,2,2,1,3,3,3,3,1,2,1,2,3,3,2,3,1,1,2,3,1,3,1,1,3,1,1,3,2,3,3,2,3,3,1,1,1,1,1,2,1,1,2,2,2,2,2,1,1,3,2,1,3,2,1,2,2,2,3,3,2,2,2,1,1,3,1,1,2,3,2,2,3,2,1,2,1,3,1,1,1,2,1,1,3,1,1,1,2,2,2,3,2,1,2,3,1,2,3,1,2,1,2,2,2,1,1,3,1,3,3,3,1,3,3,2,3,3,3,1,3,3,1,1,2,1,1,3,1,2,3,1,3,3,1,1,2,2,2,1,2,2,2,2,2,3,1,2,3,3,1,1,2,1,1,1,2,2,1,1,1,3,1,2,2,1,1,3,2,1,1,2,2,3,1,3,1,2,3,1,3,3,2,3,3,1,3,2,3,1,3,2,3,2,1,1,1,1,3,1,1,3,3,1,1,2,2,2,3,3,1,3,2,1,2,3,1,3,3,2,3,2,1,2,1,1,1,3,3,2,1,1,2,1,1,2,2,3,3,2,1,2,2,3,3,1,1,1,3,2,1,2,2,2,2,3,2,2,3,2,3,3,1,2,2,1,3,3,1,1,2,2,1,3,2,2,1,1,1,1,2,1,1,1,3,3,2,3,1,2,1,1,2,1,1,1,2,2,1,3,1,2,2,2,1,1,1,1,3,1,2,2,3,1,1,2,1,2,2,1,2,2,2,2,2,2,3,2,1,2,1,1,2,2,1,3,3,3,2,1,1,3,2,2,1,2,1,2,1,2,3,1,2,3,2,1,3,2,1,2,3,2,3,2,1,1,3,1,1,1,2,1,1,3,1,3,1,3,2,3,2,2,2,2,1,2,1,1,1,3,3,3,3,3,1,2,3,1,2,3,3,2,1,3,3,3,3,3,2,3,3,3,2,2,1,3,1,1,2,2,3,1,1,2,3,1,3,1,2,1,1,2,2,3,2,3,1,3,2,1,1,2,1,2,3,2,2,1,2,3,3,1,1,2,2,3,3,3,3,1,2,1,3,1,2,3,2,3,2,3,3,3,2,1,1,3,1,2,2,2,1,2,1,3,2,2,3,2,1,2,2,2,2,3,3,2,3,2,2,1,1,2,1,2,2,2,3,3,3,3,1,1,2,1,3,1,2,1,3,2,3,2,1,1,3,2,1,1,1,2,1,3,3,1,2,3,1,2,2,3,2,2,1,3,1,2,3,2,3,3,3,1,1,3,1,3,2,1,1,2,1,1,2,1,1,1,1,2,3,2,3,2,2,1,1,1,1,2,1,1,3,1,3,1,1,2,1,3,3,3,2,3,2,2,1,3,2,1,1,3,2,1,3,1,1,2,3,1,3,1,2,2,3,3,1,3,3,2,1,3,3,1,1,3,1,2,2,3,1,2,2,3,3,2,1,2,2,1,1,2,2,2,3,3,1,1,2,1,3,3,3,1,2,1,2,1,3,1,1,1,1,1,2,1,2,3,3,3,1,2,3,1,1,2,2,2,1,3,2,2,3,3,1,2,2,2,3,1,1,2,2,2,1,2,1,1,2,2,2,1,3,1,1,3,1,3,2,1,1,1,1,1,3,3,2,1,1,1,1,2,1,3,3,1,2,1,3,1,1,2,2,3,2,2,2,1,1,1,3,2,3,2,1,3,1,3,3,2,2,2,2,1,1,3,1,1,2,2,1,2,1,1,3,1,2,1,3,3,1,2,1,1,1,3,3,2,3,1,2,1,3,2,1,2,3,2,3,1,1,2,1,2,1,1,2,2,3,2,3,3,3,1,3,2,3,1,3,2,2,3,2,2,1,3,2,3,2,2,1,1,1,1,1,3,3,1,2,1,2,1,3,2,2,2,1,1,1,2,1,2,2,1,3,3,3,3,2,1,3,3,1,2,2,3,1,1,2,2,3,1,1,1,1,1,2,3,3,2,3,3,2,2,3,1,3,2,2,2,1,1,2,2,3,2,2,2,3,3,2,2,2,2,2,3,1,1,2,3,2,3,2,2,1,3,1,3,2,2,2,3,1,2,3,2,3,1,2,3,2,2,1,3,2,2,3,3,1,2,3,1,2,3,3,2,2,3,1,2,3,3,3,1,1,1,3,3,1,2,1,1,3,3,2,3,3,1,2,2,2,1,3,1,3,3,3,3,2,1,2,2,2,2,1,1,2,3,1,1,2,1,1,1,2,1,3,1,1,1,1,1,2,2,3,2,3,3,2,2,3,3,3,2,3,1,1,1,1,1,2,1,1,2,1,3,3,1,3,2,2,1,3,2,2,3,2,3,2,2,1,1,3,2,2,3,1,1,3,2,2,2,3,1,3,3,1,2,2,3,2,2,1,3,2,1,1,2,3,1,3,1,2,2,1,1,2,3,3,1,1,2,3,2,3,1,1,1,2,2,3,3,2,3,2,2,1,1,3,3,3,2,1,1,2,1,1,2,2,2,1,3,2,3,3,2,2,3,3,1,3,2,1,3,2,1,1,2,1,3,2,2,2,1,3,3,3,3,2,1,2,3,3,3,2,3,3,1,2,1,2,2,2,3,1,2,3,1,2,3,1,2,2,1,1,1,2,2,1,1,3,1,2,2,2,3,3,1,3,3,2,2,1,2,3,1,1,2,2,2,3,3,2,2,2,1,2,2,2,1,3,1,1,3,3,2,1,1,3,2,1,2,3,3,3,2,3,2,1,1,2,1,3,3,2,2,2,3,3,3,3,1,3,2,1,1,3,1,2,3,1,1,1,2,3,3,3,3,1,1,3,3,3,3,1,1,1,3,3,2,3,3,3,2,1,2,3,3,2,2,2,1,2,1,1,1,1,3,3,2,3,1,3,2,2,2,3,1,2,1,2,2,2,3,1,3,1,1,1,1,1,2,2,1,1,2,1,2,2,2,2,1,1,3,1,3,1,3,1,1,1,2,2,2,2,2,1,3,1,2,1,3,2,2,1,2,3,2,2,1,3,1,3,1,1,1,2,2,3,2,3,1,3,3,1,2,1,2,3,3,2,2,3,1,3,2,3,1,3,1,3,1,2,3,2,2,1,2,2,2,3,1,2,3,3,3,2,2,2,2,2,2,3,1,2,3,1,3,2,2,1,3,3,2,3,3,2,1,3,1,2,2,3,1,3,3,3,3,2,1,3,2,3,3,3,2,3,2,3,3,1,1,1,1,3,3,2,2,3,1,2,2,1,1,3,3,3,3,2,3,2,3,3,1,2,3,2,2,3,1,3,2,3,2,3,3,2,3,1,3,1,1,3,2,3,2,3,2,1,1,3,3,3,2,2,3,2,3,3,1,3,2,1,1,3,3,1,3,3,1,3,1,3,3,2,3,3,2,2,1,2,1,1,2,1,2,2,1,2,2,1,1,1,2,1,1,2,2,1,3,1,1,1,3,3,3,2,3,1,2,3,1,3,1,3,1,3,2,1,1,3,2,3,2,1,2,1,2,2,3,1,3,3,2,2,2,3,2,2,2,1,3,2,1,1,3,3,3,2,3,1,1,1,2,2,3,2,2,3,2,1,3,1,3,3,1,1,2,1,3,3,2,2,3,2,3,2,2,1,2,1,2,2,2,3,1,3,2,1,1,3,3,1,2,1,2,3,3,1,2,1,2,1,2,3,2,3,2,2,2,1,2,1,2,2,3,2,1,3,2,1,3,3,1,2,2,3,1,2,1,1,2,2,1,1,2,3,3,3,3,1,1,1,3,1,3,3,3,1,3,2,3,1,3,1,1,1,3,2,2,2,3,2,3,3,2,1,1,2,3,1,3,1,3,3,2,1,2,3,1,3,1,2,3,3,1,2,2,2,3,2,3,2,3,1,2,2,2,2,3,1,2,2,1,3,2,3,3,1,3,1,2,2,1,2,1,1,1,2,1,1,3,1,3,3,2,3,3,1,3,1,2,3,3,3,1,2,2,1,2,1,2,3,2,3,2,1,2,1,1,3,3,2,1,1,2,3,3,1,1,3,2,2,3,1,2,3,2,2,1,2,3,1,1,1,2,2,3,2,3,3,3,2,1,1,3,1,3,2,3,1,3,3,1,2,1,1,2,3,3,2,1,2,3,2,2,1,1,1,3,3,3,3,2,1,3,3,1,1,2,2,1,1,3,1,2,3,2,1,3,3,3,1,1,2,2,3,3,3,3,1,2,2,2,2,1,1,3,1,2,1,2,2,2,3,3,1,3,2,1,2,1,2,1,1,1,3,3,2,3,3,3,3,1,3,1,3,2,3,1,3,3,1,3,2,3,1,1,3,3,1,2,3,2,1,1,1,3,3,2,3,1,3,1,1,3,3,2,2,1,2,2,3,2,3,3,3,2,1,1,2,3,3,1,2,1,3,2,3,1,3,1,2,2,2,2,1,1,2,1,1,3,2,3,1,2,1,3,3,1,1,2,2,2,2,1,3,2,2,3,3,3,3,1,3,1,1,2,2,1,1,1,3,3,1,3,1,3,1,1,1,2,3,2,3,3,2,3,3,2,2,2,3,2,1,3,1,2,3,1,1,3,3,2,2,3,2,3,2,2,2,1,2,2,2,2,2,1,3,2,1,2,1,2,3,2,1,1,3,1,1,2,2,2,3,2,1,1,3,2,2,2,2,3,2,2,3,2,3,1,3,2,1,3,1,2,2,3,2,1,3,1,2,1,1,1,3,3,3,1,2,1,3,3,2,3,1,3,3,1,1,1,3,2,3,3,3,1,2,1,1,1,2,3,2,2,2,3,1,1,2,3,2,1,1,1,2,1,1,3,1,3,2,3,2,1,2,3,2,1,1,3,1,3,3,2,2,2,3,1,3,2,2,3,3,3,2,3,2,2,3,3,2,3,3,3,2,3,1,1,2,2,3,3,2,2,3,2,3,2,2,1,2,1,2,1,2,1,3,1,2,1,1,2,2,3,2,1,2,2,3,3,1,2,3,2,2,3,2,1,1,2,1,3,1,2,3,1,1,3,3,3,3,1,3,3,2,2,2,1,2,3,3,1,3,3,1,1,3,1,2,1,3,3,2,1,2,1,1,2,1,2,3,1,3,2,1,2,2,1,2,3,1,1,3,1,3,3,2,1,2,3,1,3,2,3,3,2,3,1,1,3,3,1,3,2,1,1,2,3,3,3,3,2,3,1,2,2,2,2,2,2,2,2,1,2,2,2,2,3,3,3,3,2,2,1,2,1,1,3,1,2,1,2,1,2,1,2,1,2,3,3,1,3,2,3,2,1,1,2,3,2,1,2,2,1,2,1,1,3,3,2,1,1,2,3,3,2,2,3,2,1,3,3,1,2,1,3,3,3,2,1,3,1,1,2,2,3,2,1,1,2,2,2,1,2,1,3,3,2,2,2,2,2,3,1,2,1,1,1,1,1,3,3,3,1,3,3,3,1,3,2,3,3,2,1,1,2,3,1,1,2,1,3,2,2,2,1,1,2,2,2,2,1,3,2,3,2,3,3,3,2,3,3,3,2,3,3,2,2,1,1,3,1,1,2,3,2,3,1,1,3,1,3,1,3,2,3,1,2,3,3,3,3,1,3,2,1,1,1,1,1,2,1,2,3,3,2,2,3,3,1,3,1,3,3,1,3,1,2,2,3,3,3,2,1,3,2,1,1,3,3,3,3,3,1,2,1,1,2,3,1,3,3,2,1,3,1,2,1,3,3,3,3,3,2,1,2,1,2,2,1,3,3,2,1,2,3,2,2,1,1,1,1,2,1,3,2,3,2,3,3,3,1,1,3,1,2,1,2,1,2,2,3,1,2,2,1,3,2,1,1,1,1,1,1,2,3,2,2,2,3,3,2,1,1,3,3,3,3,1,1,1,1,2,2,1,1,3,2,2,2,3,2,2,3,2,1,3,1,3,3,1,3,3,3,3,1,3,3,3,1,1,1,1,1,1,1,3,2,3,1,2,2,3,3,1,3,3,2,2,3,2,1,3,2,2,2,1,2,2,2,3,3,3,1,2,1,1,1,2,2,1,1,2,1,1,2,2,3,2,2,3,3,1,1,1,3,3,2,2,3,3,3,2,1,3,1,1,3,3,2,2,2,1,3,3,1,3,1,1,3,3,2,3,2,1,2,2,1,3,3,1,1,2,1,2,2,3,3,1,3,3,3,1,1,2,2,3,1,1,3,3,2,2,2,1,3,2,1,3,2,1,3,1,2,3,2,2,2,1,3,3,2,3,1,1,2,3,3,2,3,2,2,3,3,3,2,2,1,2,1,1,3,1,2,3,1,1,1,2,2,3,2,1,3,3,3,2,2,3,3,2,3,3,3,3,1,1,2,1,2,1,2,2,1,2,3,1,1,1,3,2,1,2,2,1,3,3,2,2,3,1,2,3,3,3,3,3,1,3,2,3,3,3,3,2,3,3,1,2,3,1,3,1,3,3,1,2,1,1,2,3,2,1,2,3,2,3,1,2,3,3,1,2,3,3,2,1,1,2,2,3,1,2,1,1,3,2,1,2,1,3,2,3,2,2,3,2,3,3,1,1,3,1,2,3,1,1,2,3,1,3,1,2,1,1,2,1,1,1,2,1,3,1,2,2,2,1,2,1,1,1,3,3,3,1,3,1,2,2,2,2,2,1,3,1,3,2,2,2,3,2,1,2,3,1,1,1,1,3,1,1,1,3,1,1,1,1,2,1,1,3,1,1,1,3,1,3,1,2,1,3,3,3,3,1,2,1,2,1,3,1,2,3,1,1,3,3,3,3,3,2,3,3,2,1,3,3,3,2,3,3,1,2,1,1,1,3,2,1,3,2,3,3,3,3,2,1,1,3,2,3,2,3,3,1,1,2,1,1,2,2,2,3,3,3,2,2,3,2,2,3,2,2,1,1,3,1,1,3,1,3,2,2,2,1,2,2,2,2,2,1,2,3,1,2,3,2,3,1,3,2,1,1,1,3,1,3,1,1,2,2,2,2,2,2,1,1,2,2,1,3,2,1,2,2,3,3,1,3,3,3,3,1,2,1,3,1,1,2,1,3,2,3,2,2,1,1,2,3,1,3,3,3,1,2,3,2,2,3,1,3,1,1,2,3,3,3,1,1,1,1,2,1,3,1,2,1,3,1,3,2,3,1,2,2,1,1,3,1,1,1,3,2,1,3,3,2,3,2,2,2,3,3,1,3,2,1,2,3,1,1,2,3,3,1,3,3,2,1,1,3,1,2,3,1,3,3,3,1,1,2,3,2,2,1,2,1,2,2,1,3,3,2,2,1,3,2,1,3,1,1,3,2,2,1,2,3,2,2,2,3,1,3,1,1,2,1,1,1,3,2,3,2,1,2,2,2,1,3,1,2,3,1,3,2,2,1,2,3,2,3,3,1,3,2,3,1,2,1,1,1,2,2,3,3,2,3,3,3,1,2,2,2,1,1,1,1,2,3,1,2,3,1,2,1,1,1,2,3,3,3,2,2,3,1,2,3,3,3,2,2,1,1,2,3,2,2,1,2,1,1,3,1,2,1,2,2,2,3,1,1,3,2,3,3,2,2,3,1,2,3,2,2,2,3,3,2,3,2,2,1,3,3,1,2,1,3,1,2,1,2,3,1,3,2,3,1,3,3,3,2,3,2,3,3,1,1,3,2,1,2,1,3,2,1,3,1,3,2,2,3,1,1,3,2,1,1,3,2,3,3,2,1,3,1,1,3,2,1,2,2,2,2,1,1,2,2,2,2,2,1,3,1,3,3,3,3,1,1,3,1,1,3,2,2,2,2,2,1,3,3,1,3,2,1,3,3,3,3,2,1,2,2,1,1,2,2,3,1,2,3,3,2,1,1,3,2,3,2,1,1,1,3,1,1,1,2,1,1,1,2,3,1,1,1,2,2,1,1,3,1,2,3,3,2,2,1,1,2,2,1,1,1,2,1,3,1,1,2,2,3,3,2,1,1,1,2,3,3,3,3,1,3,3,1,2,1,1,1,3,3,2,3,3,3,3,2,1,3,2,1,1,2,3,3,3,3,3,3,1,1,3,2,1,2,1,2,1,3,3,2,3,2,2,1,3,3,2,3,2,2,2,2,1,2,1,3,1,1,2,3,2,2,2,1,1,3,3,3,3,1,2,3,1,1,1,1,3,3,2,1,1,1,2,2,3,2,2,1,1,2,3,3,2,2,2,2,2,3,1,1,3,1,3,3,2,1,1,1,2,1,1,1,3,1,3,3,2,2,3,1,2,1,3,2,2,3,2,2,2,3,1,2,1,1,3,3,2,2,1,3,1,3,3,1,1,1,2,3,1,1,1,2,3,2,2,2,1,3,2,1,2,3,1,1,1,2,2,2,3,2,2,3,3,2,3,1,1,2,1,3,2,1,2,1,1,3,2,3,2,3,2,3,3,3,3,1,2,2,1,3,1,1,3,3,2,1,2,3,3,3,2,2,3,3,3,3,2,1,3,2,3,3,3,3,3,2,2,2,2,1,3,1,2,1,3,2,1,2,1,1,2,2,1,2,1,3,1,3,1,2,1,3,1,2,3,1,1,3,1,1,3,2,1,2,1,2,2,1,3,1,2,1,1,1,2,3,1,1,3,1,1,1,3,2,2,3,2,1,2,3,2,2,3,3,3,3,1,3,1,2,2,2,3,1,2,3,3,1,2,3,2,1,1,2,1,3,1,3,1,2,3,1,2,1,3,1,3,1,2,1,3,2,2,1,2,2,2,1,2,3,1,2,1,1,2,1,3,2,2,1,1,2,1,3,3,3,1,3,1,1,3,1,2,2,1,3,1,1,3,3,2,1,1,1,2,3,1,3,2,2,2,3,3,2,2,1,1,1,1,3,3,1,2,3,3,1,2,3,3,3,3,2,2,3,3,3,3,3,2,2,3,2,1,2,3,3,1,1,1,1,1,3,1,3,1,3,1,3,2,2,1,2,3,2,2,2,3,2,1,3,3,2,1,1,3,2,3,2,3,2,3,1,1,2,1,1,2,1,2,2,3,1,3,1,1,3,3,2,1,1,1,2,2,2,1,2,3,2,3,2,1,1,3,2,1,1,2,1,3,3,1,3,1,1,2,1,3,3,1,1,2,2,2,2,3,1,1,3,1,1,1,1,1,1,3,1,1,2,1,3,1,1,3,1,1,2,1,2,1,1,3,1,1,2,2,3,3,1,3,2,2,3,1,2,2,1,2,2,3,2,2,3,1,2,2,1,2,2,3,3,1,3,3,2,2,2,2,1,3,3,3,1,2,3,2,2,3,1,1,1,2,3,1,1,1,2,1,1,2,3,2,2,3,3,3,2,2,1,2,1,3,1,3,3,2,1,2,2,3,3,3,2,2,2,1,3,2,2,2,3,3,1,1,3,2,2,1,3,1,2,2,2,1,2,3,3,2,1,2,3,3,2,2,2,3,3,3,2,2,2,1,3,2,2,2,1,2,2,2,2,3,2,1,2,1,2,2,3,3,1,3,2,2,2,2,3,2,1,3,3,2,2,1,1,3,2,3,1,1,1,1,3,2,2,3,3,1,2,3,2,3,2,3,2,3,3,2,2,2,1,1,2,2,3,1,3,1,2,2,2,3,3,3,1,2,1,1,3,2,2,1,1,1,1,3,1,2,3,1,3,2,3,2,3,2,1,3,1,2,3,3,1,3,2,3,2,2,1,1,2,3,2,1,3,3,3,2,3,3,1,1,2,1,2,3,1,3,3,1,3,2,2,3,1,3,3,1,1,1,3,1,3,3,1,3,1,2,2,2,3,3,1,3,2,3,2,1,1,2,1,2,1,3,3,3,2,1,3,1,3,1,2,2,2,2,3,2,1,1,1,3,3,2,1,3,2,1,2,2,1,3,2,1,2,2,1,3,1,1,1,2,1,3,3,1,1,3,2,3,3,3,1,1,1,2,1,2,2,1,2,2,3,2,1,3,1,2,1,1,2,1,2,1,1,1,2,3,1,1,3,1,3,1,3,1,1,3,2,1,1,3,2,2,1,2,3,3,1,2,3,3,2,1,3,1,1,1,2,2,3,2,3,1,2,2,2,3,3,3,1,3,2,3,3,3,2,2,2,3,2,2,2,3,3,2,2,3,3,3,2,1,1,2,2,3,3,2,3,2,1,2,2,3,3,1,1,3,3,3,1,2,2,2,1,3,1,1,3,2,3,3,2,2,3,1,2,3,2,1,2,2,3,2,2,1,3,1,1,1,1,2,2,3,2,3,3,2,3,2,3,2,1,1,1,3,1,1,1,2,2,3,2,3,3,1,3,1,1,2,1,1,1,1,2,3,2,3,1,2,2,1,3,3,2,2,2,3,2,3,1,1,1,1,1,2,2,2,2,2,2,3,2,3,2,3,3,2,3,2,2,2,1,3,1,3,3,1,3,1,3,2,3,1,1,1,2,1,1,1,1,2,1,1,2,2,3,3,2,2,3,1,2,2,1,1,1,2,3,2,2,2,3,3,3,2,1,3,2,2,3,3,1,2,2,3,2,2,1,2,1,1,2,1,3,1,3,2,3,2,1,2,3,1,2,1,2,1,1,1,1,2,1,3,2,3,2,1,1,2,3,3,2,1,1,1,2,1,2,3,1,2,3,3,3,3,2,2,1,1,3,2,1,3,1,2,1,1,1,3,3,1,3,3,2,2,1,1,1,2,3,3,3,2,1,2,3,1,1,3,1,3,1,2,2,1,2,3,2,2,1,2,3,2,1,3,3,3,2,2,2,3,3,2,2,3,1,1,2,2,3,2,3,2,2,2,2,3,1,2,1,3,2,1,1,2,2,3,3,2,2,2,3,2,1,3,3,3,1,2,3,3,1,1,3,3,3,1,3,3,1,3,1,2,2,2,1,3,3,3,2,2,2,2,3,2,2,3,3,2,2,2,3,2,2,2,2,3,2,2,1,1,3,2,1,1,3,3,3,1,3,3,2,1,1,2,2,3,2,3,3,1,3,3,1,1,1,3,1,3,1,2,3,3,2,2,3,3,2,2,3,1,1,1,2,3,1,2,3,3,3,2,2,3,1,1,1,2,1,2,3,1,1,2,3,1,2,2,3,2,2,3,2,2,2,1,3,1,3,1,1,2,1,2,1,1,2,2,3,3,2,3,3,3,2,2,3,2,2,1,3,2,3,3,1,2,1,3,1,2,1,3,3,1,1,3,3,1,3,3,3,1,2,1,3,1,1,2,3,2,2,2,3,2,1,2,1,3,2,2,1,3,3,2,2,1,2,2,1,2,2,1,1,2,3,2,3,2,3,3,2,2,1,3,3,2,1,3,1,3,3,2,1,2,2,2,2,1,3,2,2,1,2,3,1,1,3,3,2,3,1,3,1,3,2,2,2,3,2,1,3,3,3,2,3,3,3,1,3,1,3,2,2,1,2,3,3,2,3,2,2,2,2,1,2,2,2,3,2,3,1,1,1,1,2,2,3,1,1,1,3,3,3,1,3,2,1,2,2,1,3,3,3,2,1,2,1,3,3,3,2,2,3,3,1,3,2,1,1,3,3,3,3,3,2,1,3,2,2,3,1,1,1,1,2,1,1,1,2,3,1,3,1,3,1,3,1,2,2,2,1,1,3,1,2,2,2,2,3,2,2,3,1,3,2,2,3,2,2,1,3,1,2,3,3,1,1,2,3,2,3,1,3,1,2,1,3,3,3,2,2,2,3,2,3,3,2,1,3,2,3,2,3,2,3,3,1,1,1,2,1,1,3,1,2,3,2,2,2,2,3,3,2,3,2,1,2,3,1,2,1,3,1,1,2,3,1,2,2,3,1,1,2,2,3,2,1,3,2,1,2,2,3,1,3,2,2,1,1,3,3,2,2,2,1,2,2,2,1,2,2,3,1,2,1,2,3,2,2,3,3,3,2,2,1,3,1,2,2,1,2,3,1,2,2,3,1,1,2,2,1,3,3,1,1,1,3,1,2,3,2,2,3,3,1,3,1,2,1,2,2,2,2,3,2,1,3,1,1,2,3,3,3,3,3,1,2,1,2,3,2,1,2,3,1,1,1,3,1,3,3,3,2,3,3,3,3,2,2,3,3,3,3,2,3,2,1,3,3,3,1,3,3,3,3,2,2,2,2,3,2,3,1,1,2,1,2,3,2,2,1,1,2,1,3,2,1,1,2,2,2,2,1,2,1,2,3,1,3,3,1,3,3,2,3,3,1,3,1,3,2,3,1,1,1,1,2,2,2,2,3,2,2,1,2,2,1,2,3,1,1,3,3,3,2,1,3,3,2,2,1,3,2,2,1,1,1,1,3,3,2,2,2,3,2,2,3,3,3,3,1,3,3,1,1,3,2,2,3,1,3,1,2,3,3,2,3,3,3,3,2,1,2,3,1,2,2,3,2,1,2,2,3,3,1,3,1,3,2,3,1,1,3,2,3,3,3,3,2,3,2,2,3,3,2,2,1,3,3,2,1,3,3,1,3,2,2,1,3,1,1,3,3,1,2,2,3,1,2,2,1,3,2,3,2,3,2,2,1,2,1,3,2,3,3,3,2,1,3,1,3,2,3,1,2,2,2,1,3,1,2,3,1,3,1,2,3,2,3,2,1,2,2,1,1,1,2,3,3,2,3,3,2,2,1,1,1,2,2,3,3,2,2,2,2,2,1,1,1,1,3,3,2,3,2,3,3,2,1,1,1,3,3,2,1,3,2,2,2,3,1,3,3,2,1,3,1,1,3,2,3,1,2,2,1,3,1,3,1,2,1,2,1,3,3,3,2,1,2,1,3,2,1,3,1,2,3,2,3,2,2,2,1,2,2,2,1,2,1,1,2,3,3,1,2,3,1,2,3,3,3,3,1,2,1,3,1,1,1,1,2,3,1,1,2,1,1,2,2,1,2,2,3,2,3,3,1,2,2,1,3,3,3,3,1,1,1,2,1,3,1,1,1,1,1,1,3,3,2,2,2,1,2,3,3,3,3,2,2,2,2,2,1,1,3,2,1,2,3,3,3,3,1,3,3,2,2,2,3,1,2,1,1,3,1,1,1,2,2,2,3,3,2,2,2,2,2,3,1,2,1,1,1,2,1,1,2,1,1,3,3,1,2,3,2,2,3,2,2,1,2,3,2,1,1,3,2,1,1,2,2,2,2,2,2,1,3,3,2,1,2,1,1,1,1,3,2,3,1,2,3,2,2,2,2,2,3,2,3,3,3,1,2,2,3,3,1,3,1,3,2,3,3,1,1,3,1,1,2,3,2,2,3,2,3,2,3,1,3,1,2,2,2,1,3,3,3,1,1,2,2,1,3,3,2,2,1,2,2,3,1,2,2,2,2,3,3,3,3,1,1,3,3,2,1,2,3,3,1,3,1,3,3,3,2,1,3,3,2,2,2,2,1,1,1,1,2,3,3,2,1,3,2,2,3,3,1,2,1,3,3,3,2,2,3,2,3,1,3,1,2,3,1,2,1,1,2,2,2,1,1,1,1,2,1,3,1,2,1,1,3,3,2,3,2,2,1,1,2,3,2,2,3,1,3,3,2,2,2,2,3,3,2,1,3,2,1,2,1,2,3,1,3,3,2,1,2,3,3,2,2,2,3,1,3,3,2,1,1,3,1,3,2,2,2,1,2,3,1,2,2,3,3,1,3,2,1,2,3,2,3,1,1,3,3,1,2,1,3,1,2,3,2,1,2,3,2,1,1,1,1,3,1,2,3,2,3,2,3,1,3,3,1,2,3,3,3,1,1,1,3,1,1,2,1,1,3,1,1,2,1,2,1,2,1,2,2,3,3,3,1,1,3,2,2,3,1,1,3,1,1,3,2,1,2,1,3,3,2,3,1,2,1,1,3,1,1,1,2,3,2,1,2,1,2,2,1,3,3,3,1,1,2,3,1,1,3,2,3,2,1,1,2,1,2,2,1,3,1,3,1,3,3,2,3,3,3,1,2,3,1,1,3,2,2,3,3,3,1,1,1,2,2,2,1,3,3,3,2,3,2,2,2,2,1,2,2,3,1,1,1,1,2,1,3,1,1,1,1,1,1,2,1,3,3,2,1,3,3,2,2,1,3,1,3,3,3,3,1,1,3,3,1,2,3,2,1,1,2,1,2,3,2,2,3,3,1,1,3,1,2,3,2,2,3,3,2,1,1,3,3,2,3,1,3,2,1,2,3,1,1,2,2,2,2,3,2,1,3,2,1,3,1,1,1,3,2,1,1,1,1,1,2,2,2,1,3,1,3,3,1,1,1,3,3,2,3,3,1,3,1,1,2,3,1,1,2,1,1,1,2,3,3,2,1,2,3,1,1,1,3,2,1,2,2,3,1,2,3,2,1,3,2,2,3,2,2,2,2,3,1,3,3,2,3,1,3,2,1,3,1,3,1,2,1,2,1,2,2,1,3,2,2,2,1,1,1,3,1,2,3,3,1,2,3,3,1,1,1,2,3,1,2,2,1,2,1,1,2,3,3,3,3,3,3,3,3,3,3,2,1,1,2,3,2,2,1,3,3,3,2,1,3,3,1,2,1,3,1,2,1,1,1,2,3,3,2,3,3,1,2,1,3,3,1,3,2,1,2,1,2,2,1,1,1,3,1,2,2,1,1,1,1,3,1,2,3,2,1,1,1,2,2,2,2,2,3,3,2,3,1,1,2,1,2,3,1,3,1,2,2,1,1,2,1,3,1,3,3,2,1,2,1,2,2,3,3,2,2,2,2,2,3,1,1,1,2,2,1,3,1,2,1,3,2,1,1,3,1,1,1,1,3,2,1,1,2,3,3,1,1,2,2,1,3,3,2,2,2,1,1,2,1,2,2,1,2,3,1,3,3,3,1,3,1,2,3,3,2,3,3,2,1,1,1,2,3,1,3,2,3,1,2,1,3,2,2,3,2,2,2,1,3,2,3,3,3,1,1,2,1,1,3,3,2,3,1,1,3,3,1,1,2,3,3,1,2,3,3,2,1,2,1,2,3,1,3,1,1,3,1,2,3,3,2,3,1,3,3,3,3,2,3,2,1,1,2,3,1,3,2,2,3,3,2,2,2,1,1,3,1,3,3,3,3,3,3,3,1,3,3,3,3,1,1,2,2,2,3,2,1,2,3,2,3,3,3,1,2,3,2,1,2,1,3,2,2,2,1,2,1,2,1,3,2,2,2,3,1,3,1,2,3,1,2,2,3,2,3,3,1,3,3,2,1,3,3,1,1,1,1,2,3,1,1,2,3,3,3,1,1,1,2,2,3,1,3,1,1,1,3,2,1,3,2,3,2,1,1,3,2,3,3,3,2,3,3,2,1,1,2,1,3,2,1,3,1,2,2,1,1,1,1,3,1,1,2,1,1,3,2,3,3,2,3,1,1,2,3,1,2,3,3,1,3,1,1,2,1,3,2,3,1,1,2,1,1,1,2,2,3,1,3,2,3,1,2,2,3,1,1,1,1,1,3,2,3,2,2,2,1,1,2,1,2,3,1,3,2,1,1,2,3,2,2,2,3,2,1,1,2,2,2,1,3,1,1,3,3,1,3,1,3,2,3,2,2,2,1,2,2,1,1,1,1,1,1,2,2,3,3,2,1,3,3,3,3,2,2,1,3,1,3,1,3,1,2,2,2,2,2,1,2,2,2,3,3,1,1,3,3,2,2,2,3,1,2,1,3,3,2,2,1,2,3,3,1,3,2,3,2,1,3,1,2,3,2,3,1,2,1,1,1,2,1,2,3,2,2,1,3,1,2,1,3,3,3,2,1,3,2,3,3,2,3,3,2,3,1,1,3,2,3,3,2,3,2,3,3,1,3,3,2,3,3,2,2,1,3,2,2,1,3,3,2,3,2,3,1,3,2,1,2,3,1,3,1,3,1,1,2,2,3,1,3,3,2,3,2,1,2,1,1,3,3,2,1,2,2,3,2,2,1,1,1,3,2,2,3,2,1,1,3,2,1,1,1,2,2,2,3,2,3,3,2,3,1,2,3,3,1,3,1,1,1,2,2,2,1,2,1,3,1,2,2,3,1,3,2,1,1,3,2,1,2,1,2,2,1,2,1,1,3,1,1,2,3,2,2,2,3,1,1,3,1,1,2,1,2,3,1,3,2,1,1,2,1,2,3,1,3,1,3,1,2,2,1,2,1,2,3,2,3,1,1,2,3,3,3,2,2,3,1,3,3,1,1,3,3,3,2,2,2,2,3,1,2,3,1,3,2,3,2,3,3,1,1,2,2,2,2,2,1,2,2,3,1,1,2,2,1,1,1,2,1,1,2,3,1,3,1,2,1,1,2,2,3,1,3,3,2,2,3,2,1,1,3,1,2,1,1,1,1,2,1,3,3,3,2,3,3,2,1,2,1,2,3,3,1,2,3,3,1,3,3,1,2,1,1,1,2,1,2,3,1,2,2,3,1,2,3,2,1,3,2,3,1,2,1,2,2,1,1,3,2,1,3,2,3,3,2,1,2,2,3,1,3,1,2,3,2,2,2,1,2,2,1,2,1,1,2,1,1,1,3,2,2,3,3,3,3,1,2,2,2,2,1,2,2,1,1,1,3,2,2,1,2,3,3,1,1,2,2,2,2,3,1,1,3,2,3,1,2,2,3,1,2,3,3,2,3,2,1,3,3,1,2,3,2,2,2,1,1,2,3,3,3,2,1,2,2,3,3,1,3,3,3,2,2,3,1,1,2,1,1,1,1,3,1,2,3,3,3,3,2,2,2,2,1,1,2,3,1,3,3,3,2,2,1,3,3,1,3,1,1,1,3,3,1,2,3,1,2,2,3,3,3,1,3,1,1,2,3,2,3,3,1,2,3,3,3,3,1,2,2,3,2,3,1,1,1,3,3,3,3,2,3,2,3,3,1,2,3,1,2,3,3,3,3,1,3,2,1,3,1,3,1,3,3,1,1,2,3,3,2,3,2,2,1,2,2,2,3,2,3,1,1,3,3,2,2,2,3,2,1,3,3,2,2,1,3,3,3,3,1,2,1,3,1,2,1,3,2,2,2,2,1,1,3,1,1,3,1,1,1,3,1,1,2,2,3,1,3,1,1,2,1,3,2,1,2,1,2,3,3,3,2,3,3,2,1,1,1,3,1,1,1,2,3,1,2,2,2,1,1,2,2,3,2,3,1,1,1,3,2,2,1,3,2,3,3,1,1,2,3,2,1,2,3,2,3,3,2,1,2,3,1,2,3,1,3,2,1,1,2,3,2,2,3,1,3,2,1,1,2,3,3,1,3,3,1,3,2,2,1,2,3,1,2,2,1,2,1,3,1,2,1,1,1,2,1,2,2,3,2,2,1,3,1,1,2,3,2,1,1,3,1,3,2,1,2,3,1,3,2,1,2,3,1,2,2,2,3,3,3,2,2,1,3,3,3,3,3,2,3,3,2,2,1,1,1,3,1,3,1,3,1,3,3,3,1,1,3,2,2,2,2,3,1,3,3,2,1,2,3,1,1,2,3,2,2,3,2,1,2,3,1,1,1,3,2,1,3,3,2,3,3,3,2,1,1,1,3,1,2,1,2,1,2,2,3,3,1,3,2,2,3,1,3,1,2,1,1,2,1,3,1,2,3,1,2,2,2,3,3,2,2,1,3,3,3,2,3,2,3,3,1,1,3,3,2,3,2,2,1,2,1,2,1,2,1,2,3,3,1,2,1,3,3,2,2,3,2,1,2,1,2,3,2,3,3,1,1,2,1,3,2,3,3,1,2,2,1,1,1,1,3,2,3,3,2,2,1,1,1,3,3,2,3,2,1,2,2,2,3,2,2,3,2,1,2,3,1,3,3,3,2,2,2,2,1,1,3,1,3,3,2,3,1,3,1,1,1,1,3,2,1,2,1,1,3,3,2,1,3,3,1,1,1,1,2,2,1,1,3,3,2,2,3,2,3,3,3,2,2,1,3,2,3,1,2,1,1,2,1,1,3,2,2,3,3,1,1,1,2,2,3,2,3,3,3,2,2,3,1,3,1,2,2,3,2,1,1,3,2,1,3,3,3,2,3,3,2,1,2,2,1,2,1,1,1,1,3,1,2,3,3,3,3,1,2,1,2,2,2,3,1,1,1,2,1,3,2,3,2,1,3,3,2,2,3,3,1,3,2,2,2,1,1,1,2,2,1,1,2,2,2,3,3,3,1,3,2,2,2,3,2,1,2,1,3,1,3,3,3,2,1,3,1,1,3,3,1,2,2,2,2,3,2,3,3,2,1,3,1,2,3,3,1,2,1,2,1,2,1,2,2,3,1,1,3,1,2,2,3,1,2,2,1,3,3,1,1,3,2,3,2,1,1,1,2,3,1,2,1,3,3,3,2,2,2,1,3,2,3,2,3,3,3,3,3,2,3,1,1,3,2,1,2,2,3,2,1,3,1,1,3,2,2,1,1,3,1,2,1,1,3,3,1,3,2,3,3,2,3,1,1,3,2,1,3,2,1,2,2,1,1,2,3,2,2,3,2,2,1,3,3,3,3,2,1,2,3,1,3,3,3,3,1,3,2,2,2,1,2,2,2,3,2,3,2,2,3,2,2,3,3,3,2,1,2,3,3,2,3,1,2,1,2,2,2,3,2,3,2,2,3,1,2,1,1,1,1,3,1,1,1,3,1,1,3,3,1,2,3,1,3,2,1,2,1,3,1,3,3,3,3,3,1,3,3,2,3,3,2,1,2,2,1,2,1,1,3,1,3,2,1,1,1,3,1,3,3,2,3,1,3,3,2,1,2,2,3,3,3,1,3,2,2,2,3,2,2,1,2,3,2,3,1,1,1,2,1,2,3,3,2,3,2,3,1,1,2,1,2,2,1,1,1,2,3,1,2,1,2,1,3,3,3,1,2,1,3,1,1,3,1,3,1,1,2,3,3,2,3,3,3,3,2,3,1,2,2,2,1,2,1,2,1,3,2,2,2,1,2,1,1,1,2,1,2,3,3,2,3,3,1,3,1,1,2,2,2,1,3,2,3,3,1,1,3,1,3,1,2,3,2,3,1,2,1,3,1,2,3,2,2,2,2,1,2,2,3,1,2,3,2,2,2,2,2,2,1,3,1,3,2,2,3,1,2,3,2,2,3,2,2,3,3,3,2,1,1,3,3,1,1,1,2,2,1,2,2,2,1,1,3,3,3,1,1,3,1,3,1,3,2,2,2,3,2,3,1,2,3,2,3,2,1,1,2,1,2,1,3,3,1,2,3,3,1,1,2,1,3,2,1,2,2,3,1,1,1,2,2,1,1,2,3,1,2,2,1,2,1,2,3,2,2,2,1,2,2,3,2,3,3,3,2,2,2,1,2,3,1,1,1,3,3,2,1,3,1,3,1,1,1,1,3,1,1,2,1,1,1,2,1,1,3,1,1,1,1,3,1,3,2,3,2,3,1,3,3,1,1,1,1,2,3,3,2,1,2,1,1,1,3,2,1,2,1,3,1,3,3,2,3,1,2,1,3,2,1,1,2,1,2,1,2,1,3,2,3,1,1,1,1,1,1,3,3,1,1,2,1,2,2,2,1,3,3,3,3,1,2,2,2,1,3,3,3,1,1,3,1,2,3,2,3,2,1,3,1,3,1,2,2,1,3,2,2,3,3,1,3,2,1,3,2,1,3,2,3,2,3,1,1,3,1,1,2,1,3,1,1,2,2,2,1,1,3,1,3,2,3,1,2,1,1,1,1,3,1,1,1,3,2,2,3,1,2,3,2,2,3,2,2,3,1,1,2,3,3,2,3,2,2,3,2,2,1,3,1,2,3,1,3,1,3,3,3,1,3,1,3,1,3,2,1,3,2,1,3,3,1,2,3,3,1,1,1,3,1,3,3,1,3,3,1,2,2,3,1,2,3,3,3,2,1,2,1,3,2,2,3,1,2,3,3,2,3,2,3,1,2,1,1,3,2,2,3,3,2,1,3,1,1,2,1,2,2,3,3,3,2,1,3,2,1,3,1,1,2,3,1,2,2,1,3,1,3,2,1,3,3,1,2,2,2,2,3,3,3,2,2,3,2,2,3,2,1,3,3,1,2,2,1,1,2,3,1,1,2,1,1,2,3,1,3,1,1,1,2,1,3,2,1,3,1,2,1,1,1,1,2,1,3,1,3,1,2,2,2,3,1,2,2,1,2,2,3,2,3,2,2,1,3,2,3,3,1,1,2,3,2,1,2,1,3,2,1,1,3,3,1,3,1,3,1,1,1,3,1,1,2,2,2,3,3,1,2,3,2,2,3,3,3,2,2,2,2,3,1,3,2,1,2,3,1,2,1,1,2,1,3,2,1,3,2,2,1,3,1,3,1,2,2,2,2,1,2,2,3,3,2,2,3,3,3,2,3,1,1,2,3,1,2,1,2,1,2,3,3,2,3,3,2,1,1,1,3,1,2,1,2,2,3,2,1,1,2,2,2,1,3,3,2,2,3,2,1,1,1,1,2,2,3,1,3,3,3,2,2,1,1,1,3,3,3,2,3,1,3,2,3,2,3,2,2,1,2,2,1,3,3,1,3,1,1,3,1,1,1,3,1,3,2,1,2,1,2,2,3,2,3,3,2,2,2,2,1,2,3,3,1,3,3,1,3,1,2,1,3,2,1,1,2,2,3,2,1,1,2,3,1,3,1,2,1,1,2,1,3,3,2,3,1,3,1,3,2,2,2,2,1,3,1,3,2,2,2,1,1,3,3,1,3,3,3,1,2,1,2,2,2,3,2,2,1,2,3,3,1,1,3,2,1,3,3,3,3,1,2,2,1,2,3,2,2,3,3,3,3,2,1,3,2,2,2,2,3,3,2,1,2,3,3,2,3,2,3,2,1,2,1,3,3,3,2,3,3,2,3,3,2,1,1,2,2,2,1,2,2,3,2,1,2,2,2,3,1,3,3,3,2,1,1,2,2,3,1,2,3,2,3,1,2,1,1,2,2,3,1,1,1,2,3,2,3,1,2,3,1,3,2,1,3,1,2,3,3,2,3,1,1,2,2,2,3,1,1,2,2,1,2,2,2,1,2,3,1,1,3,1,3,2,3,2,3,2,3,1,1,2,2,3,1,3,2,2,1,3,3,1,2,1,1,3,2,2,3,2,2,3,3,2,2,1,2,3,2,2,2,3,2,2,1,2,2,1,2,3,1,1,2,1,2,2,1,3,1,3,1,1,1,2,3,1,1,2,3,3,2,2,2,3,2,2,3,2,2,1,1,1,2,2,1,1,1,3,3,2,2,3,1,3,1,1,2,1,2,2,3,2,2,3,3,3,3,1,1,3,1,1,1,2,3,3,3,1,2,3,1,2,1,2,2,2,1,1,3,1,2,1,1,2,2,1,1,1,2,2,3,3,2,2,3,3,1,2,3,1,1,2,1,2,2,2,2,1,1,1,1,2,2,2,2,3,3,1,3,1,3,2,3,2,1,3,1,1,1,1,3,1,3,1,2,2,3,1,3,3,2,3,1,2,2,2,2,2,2,1,1,2,1,3,2,3,1,2,2,1,2,2,2,3,3,1,1,1,1,1,3,2,3,1,1,1,3,2,1,2,1,3,3,1,3,3,1,3,3,2,3,2,1,1,3,1,2,3,2,1,1,2,1,1,2,3,1,2,3,3,3,3,1,2,3,1,3,3,1,3,3,2,3,2,1,1,2,2,3,3,3,2,3,3,1,2,3,2,2,2,3,2,1,2,3,2,2,2,3,1,1,1,2,3,2,3,1,3,1,2,3,2,1,3,3,2,2,3,2,2,2,1,1,2,1,1,2,3,2,3,2,3,2,3,3,3,2,1,3,3,3,1,3,2,2,2,2,2,1,3,1,3,3,3,1,1,2,3,3,1,3,1,1,3,3,3,3,1,3,1,2,1,2,1,2,3,3,1,2,2,1,1,2,2,2,2,2,2,1,2,2,3,3,1,3,1,1,1,1,2,3,3,2,1,1,1,3,1,3,1,3,2,2,1,2,3,1,1,3,3,2,1,3,1,1,3,2,3,1,1,2,2,1,2,2,2,1,3,3,3,2,3,3,2,3,1,2,1,1,3,2,2,1,1,1,3,1,1,1,2,3,2,1,3,3,2,3,3,2,1,1,3,2,2,1,2,1,3,3,1,2,2,3,3,2,2,3,3,1,3,2,1,2,2,3,1,1,1,3,2,3,3,3,1,3,3,2,1,3,2,1,1,1,2,1,2,1,3,2,1,2,3,1,1,2,2,2,2,2,3,3,3,3,1,3,1,1,3,1,3,1,3,3,2,2,2,2,1,2,1,3,1,1,3,1,3,2,2,1,1,1,1,3,1,1,1,1,2,1,1,1,1,1,1,3,1,3,3,2,2,2,2,3,2,3,1,1,1,1,3,2,1,1,2,1,1,3,1,3,3,1,3,1,3,1,3,2,2,2,1,2,2,3,3,3,1,1,2,2,1,1,2,3,3,2,1,1,1,1,3,1,3,3,3,1,1,1,3,1,3,1,2,2,3,2,1,3,1,2,3,1,2,2,3,3,2,2,1,2,3,1,1,2,3,1,1,2,2,2,1,1,1,2,2,2,1,3,3,3,1,3,1,2,3,2,1,2,1,3,1,1,2,2,2,3,3,2,2,3,2,3,2,3,2,2,2,3,1,3,2,3,3,3,2,2,3,3,1,1,3,2,3,1,2,1,2,3,1,3,1,3,2,2,1,1,2,1,3,1,1,3,1,2,3,2,2,2,3,2,2,2,2,1,1,3,3,1,2,2,2,3,2,1,1,3,1,2,3,3,1,3,1,1,3,3,2,2,2,1,3,1,1,3,1,1,2,3,2,1,2,3,3,3,3,3,2,3,2,3,3,3,1,2,3,3,1,2,1,1,2,3,1,3,1,1,3,2,2,2,3,1,1,3,3,3,3,3,1,3,3,3,1,2,2,1,3,1,3,2,1,3,1,1,2,3,3,3,2,1,1,2,2,1,2,3,3,2,3,2,1,3,1,1,1,1,3,2,1,3,1,1,1,2,2,1,1,2,3,1,3,2,3,1,1,3,1,1,2,2,2,2,2,3,1,3,3,3,1,3,2,2,1,3,2,3,3,3,1,3,2,2,1,2,1,1,3,2,3,2,1,1,2,1,1,3,3,2,1,3,2,3,1,2,1,2,2,1,1,3,1,3,2,3,3,3,1,1,3,3,1,3,3,3,1,2,2,2,3,1,3,1,1,1,1,3,2,3,3,2,1,2,3,3,1,1,2,1,3,2,1,3,1,3,2,3,3,1,1,1,3,2,1,3,1,3,3,2,2,3,3,2,2,2,2,1,3,1,3,3,3,3,1,2,2,1,3,1,2,1,3,2,2,1,1,1,1,2,1,2,2,1,3,3,3,1,3,2,2,1,1,3,3,3,1,3,2,3,3,1,2,3,3,2,1,3,2,1,3,2,2,2,1,2,3,1,3,2,2,3,1,2,3,2,1,3,3,1,1,2,1,2,2,3,2,2,2,1,1,3,1,3,2,3,3,1,2,1,2,3,1,1,2,2,1,2,1,3,1,3,3,1,2,1,1,3,3,3,3,3,1,3,1,1,3,1,3,1,3,3,3,3,1,1,3,3,2,3,1,1,1,2,3,3,1,1,2,3,1,2,1,2,2,2,1,1,2,1,3,1,3,1,3,1,2,2,2,3,1,3,2,2,1,3,3,2,3,1,1,2,3,3,1,2,2,3,3,2,1,1,2,3,2,3,2,1,1,1,2,2,2,1,3,1,1,3,1,2,3,2,2,1,2,3,3,2,3,2,2,2,3,3,2,2,3,3,1,1,3,2,2,3,1,1,2,2,2,3,3,3,1,3,3,3,1,2,2,3,3,3,1,2,1,2,3,3,3,2,3,1,2,2,3,1,1,1,3,1,3,2,1,1,3,3,3,1,3,1,3,1,1,1,2,1,3,1,2,3,1,3,2,3,3,3,2,3,1,1,1,1,3,2,1,3,1,1,1,3,3,2,1,1,2,1,1,2,2,2,2,1,3,3,2,3,2,2,3,1,1,1,3,3,3,2,1,1,1,1,2,2,3,1,3,1,2,2,1,3,3,1,3,3,2,1,3,2,3,3,1,2,2,1,2,2,3,2,2,2,3,2,2,2,3,3,2,2,1,1,3,1,1,2,3,3,2,3,2,3,1,3,1,1,3,1,2,1,2,3,2,1,1,2,3,2,3,3,3,2,2,2,2,1,3,1,1,1,3,3,2,2,1,2,2,2,1,3,2,2,1,1,2,3,2,1,1,2,2,2,2,2,1,2,1,2,1,2,3,1,3,2,2,2,1,1,3,1,3,1,3,2,2,3,3,1,1,2,3,3,2,2,2,3,3,2,2,3,3,1,1,3,3,2,2,1,3,2,1,2,2,2,2,3,1,2,3,2,2,1,3,2,2,2,2,3,1,3,3,3,2,3,2,2,3,3,1,1,1,1,1,3,1,1,1,3,2,3,2,1,3,2,2,2,2,1,2,2,2,3,2,3,1,3,2,1,3,1,3,2,2,2,3,1,1,3,2,3,3,1,1,1,3,3,3,2,3,2,1,3,3,3,1,1,3,1,1,3,3,2,3,1,2,1,1,1,2,2,3,1,3,1,1,3,3,1,2,3,3,3,3,1,2,3,1,2,3,3,1,2,3,1,2,3,1,2,2,3,1,1,1,2,2,2,1,1,1,1,3,1,2,3,2,1,3,2,2,1,1,3,2,2,3,3,2,2,2,1,1,3,3,1,2,3,2,3,2,3,2,1,3,1,2,3,2,1,3,2,3,3,2,3,3,2,2,3,3,3,3,2,2,1,1,3,3,2,1,1,2,1,1,2,2,1,2,1,3,2,3,1,2,2,2,1,1,1,1,2,2,2,1,3,3,3,2,3,2,2,1,2,2,2,2,1,2,3,1,1,2,2,3,2,3,2,2,3,2,2,3,3,3,2,1,1,1,2,2,1,2,3,3,2,3,1,1,1,1,1,1,3,1,1,1,1,3,2,1,2,1,1,2,2,3,1,3,2,2,3,1,1,3,2,1,1,1,1,2,3,2,1,2,3,3,1,3,2,1,1,2,1,1,2,2,2,1,3,1,1,3,1,2,3,1,2,2,3,2,1,2,2,3,2,3,1,3,1,1,2,1,2,3,1,1,2,2,2,2,2,2,2,1,3,1,2,2,1,3,3,2,1,1,1,2,1,1,1,1,3,3,2,3,3,1,3,3,1,3,2,2,3,3,3,3,1,2,1,3,2,2,2,1,3,3,3,1,3,3,3,2,1,1,3,3,3,3,2,2,3,3,2,3,2,3,2,2,2,2,2,2,2,1,2,3,2,2,1,3,1,1,3,3,2,1,1,3,3,2,1,1,1,3,2,3,3,2,1,1,2,1,2,2,1,2,3,3,3,1,1,3,3,3,3,1,3,2,2,2,1,2,3,3,3,3,2,3,1,3,2,2,2,3,3,3,2,2,2,1,3,3,3,3,2,3,3,1,3,2,3,2,1,2,1,2,2,2,3,1,3,1,2,2,1,3,2,3,1,1,1,2,3,3,1,1,1,2,1,3,2,2,3,1,1,2,3,3,1,3,2,2,3,3,3,3,1,3,1,1,2,1,3,3,2,1,2,3,1,2,3,1,2,2,2,1,3,3,1,3,2,3,2,2,3,1,2,3,3,1,1,1,3,1,2,1,2,3,2,3,3,3,2,3,3,2,2,1,3,1,1,2,2,2,1,2,1,1,2,3,3,3,1,3,2,2,1,2,2,1,2,3,3,1,2,1,2,1,2,2,1,3,3,3,2,1,2,1,2,3,3,2,3,1,2,3,1,1,2,2,2,2,1,2,1,3,1,2,3,1,3,3,2,3,1,1,2,3,1,3,3,3,3,3,1,3,1,2,1,1,1,2,3,3,3,2,2,3,1,2,1,3,1,2,2,3,3,3,1,1,1,3,3,1,1,3,1,3,1,1,2,1,1,1,3,1,3,3,2,3,1,1,2,2,3,1,2,1,1,2,2,2,3,1,2,3,2,3,3,3,1,1,3,1,2,2,2,3,1,2,2,2,1,3,3,1,1,3,2,1,3,2,1,1,3,3,2,2,2,2,3,3,1,1,3,2,2,1,2,2,2,2,2,3,3,2,1,3,1,3,2,2,1,3,3,2,2,1,1,1,2,1,3,2,1,1,3,1,1,1,3,1,3,2,1,3,3,1,2,1,3,2,3,2,3,2,2,2,1,3,1,1,1,3,3,2,3,2,3,3,3,1,3,2,3,1,3,1,1,3,1,2,1,3,1,3,3,2,2,1,3,2,3,1,1,3,2,2,1,1,2,3,1,3,2,3,1,3,1,3,3,3,3,3,1,1,1,3,3,2,1,2,1,3,1,3,3,1,3,3,3,3,3,3,2,1,3,1,2,2,3,1,3,3,2,3,3,1,2,1,1,1,2,1,1,3,3,1,1,3,2,3,2,3,2,1,3,1,3,1,3,1,1,1,3,2,2,3,3,2,2,3,2,1,3,1,3,1,1,2,3,1,3,2,2,1,1,2,1,1,2,2,3,1,2,3,3,1,3,1,1,2,1,1,1,3,2,1,3,2,1,2,1,1,2,2,1,3,3,1,2,1,2,1,1,3,3,2,2,3,3,1,2,1,2,3,1,3,2,1,2,3,2,3,3,3,2,2,3,2,1,2,3,2,2,3,3,1,2,3,1,3,1,2,1,3,2,2,1,2,1,2,1,1,2,1,2,1,2,2,3,1,2,1,3,2,3,1,3,1,3,1,3,3,2,1,1,3,2,3,1,3,2,3,1,2,1,1,2,1,1,1,3,2,2,3,1,3,2,3,2,2,3,1,1,3,2,1,2,2,2,1,1,3,1,1,1,1,1,1,1,1,3,3,2,3,1,3,1,1,1,3,1,1,3,3,2,3,3,3,3,3,1,3,3,3,2,2,2,1,2,1,2,2,2,3,2,1,3,3,3,1,2,3,3,1,1,3,3,1,2,2,1,3,3,2,3,3,2,3,3,3,2,3,1,3,1,3,1,1,2,1,3,2,1,1,3,2,2,3,2,1,2,2,3,1,1,1,3,3,2,3,2,3,1,1,1,3,3,3,3,2,1,1,1,1,3,1,1,2,3,2,2,1,1,1,2,3,1,3,3,1,3,1,3,3,2,1,1,2,1,1,2,3,2,3,2,2,2,3,1,1,2,2,2,1,2,3,1,2,3,2,3,3,1,2,3,1,2,1,1,1,2,1,2,2,3,3,3,1,1,2,1,1,3,3,1,1,2,3,2,3,3,2,1,3,3,1,3,2,1,2,2,3,1,1,2,1,1,1,1,3,2,3,2,1,3,2,2,3,3,3,1,1,3,3,2,2,3,3,1,3,3,3,1,1,3,1,3,1,3,1,2,3,2,1,1,2,1,2,2,2,2,3,2,3,3,3,2,1,3,1,1,1,2,3,1,3,1,1,3,1,3,3,2,3,3,3,2,1,2,1,2,2,1,3,3,2,1,3,3,1,2,2,3,1,1,2,2,1,3,2,1,1,2,3,3,3,3,1,3,1,2,1,3,1,2,3,2,2,1,3,3,1,1,2,2,1,3,3,1,2,1,3,3,3,2,1,2,3,3,1,2,3,3,1,3,1,3,3,2,2,2,1,1,1,1,3,1,2,1,3,1,2,2,1,1,2,1,1,3,3,1,1,2,1,2,1,2,3,3,1,2,3,3,3,1,3,1,1,1,3,3,2,3,2,3,3,1,2,2,1,1,3,1,2,1,2,3,1,1,1,2,2,1,2,1,3,1,2,2,3,3,1,1,3,2,3,2,3,3,3,3,3,3,3,1,3,2,2,2,1,2,1,1,2,2,1,3,1,3,3,1,1,1,2,3,3,1,3,3,1,1,1,1,3,3,2,2,1,2,3,2,1,2,2,3,3,1,2,2,3,3,3,1,2,1,1,2,1,2,3,1,3,1,1,3,2,2,2,2,2,1,1,1,2,1,3,3,2,1,1,1,2,3,3,1,1,2,3,2,2,1,3,2,1,3,2,2,2,1,3,3,3,2,3,1,1,1,1,3,2,3,1,3,2,3,3,2,2,1,1,2,1,2,3,1,3,3,3,1,1,2,3,1,3,2,1,1,3,3,3,3,1,1,1,3,1,1,3,3,3,2,2,2,3,3,3,3,2,2,1,3,3,2,3,3,3,1,2,3,3,2,1,1,3,2,3,3,2,3,1,1,2,1,3,2,1,3,2,1,3,1,1,2,1,1,2,3,2,2,3,2,1,1,3,2,3,3,2,2,2,3,1,2,1,3,2,1,1,2,2,3,2,2,1,1,1,3,1,1,1,2,3,1,2,1,1,3,1,2,1,2,3,3,2,3,3,3,2,1,1,1,3,1,1,1,2,1,3,3,3,3,1,2,2,1,1,2,3,2,2,3,2,1,2,1,3,1,3,3,2,1,3,2,1,3,2,1,2,2,2,1,1,2,3,3,3,2,3,1,3,2,3,2,3,3,1,2,3,2,3,3,1,1,2,2,3,2,2,1,1,3,2,3,2,2,3,1,1,3,3,3,2,1,2,3,1,1,2,1,3,1,2,3,1,1,2,1,2,2,3,1,1,2,2,2,3,1,2,2,3,2,1,3,1,1,3,3,3,3,1,3,1,2,2,3,3,1,2,1,1,3,1,3,3,3,3,2,2,1,1,1,1,1,3,1,3,3,2,2,1,3,2,1,2,1,1,1,2,1,3,1,3,1,2,2,3,2,3,3,3,3,2,3,3,2,1,1,1,1,1,1,1,2,3,2,1,2,1,2,1,3,3,2,3,1,2,1,1,1,2,2,2,2,2,1,1,3,1,1,3,2,3,3,2,3,1,1,1,2,1,3,2,3,2,1,2,3,3,3,1,1,2,3,3,1,1,2,1,1,2,1,2,3,2,2,2,1,3,1,2,3,1,2,3,1,3,3,3,2,2,2,1,3,2,1,3,3,2,2,2,1,1,2,3,2,1,2,1,1,2,2,1,2,3,3,1,2,2,3,3,1,3,3,2,1,1,2,1,2,2,1,3,3,2,3,2,1,2,3,3,2,1,3,1,3,2,3,1,1,1,1,1,1,3,2,3,3,2,2,3,2,3,1,1,2,3,1,3,3,2,2,2,3,3,1,3,2,1,1,1,3,3,1,3,1,1,2,3,3,1,2,3,3,2,2,3,3,1,2,2,3,2,2,3,2,1,2,1,2,3,1,2,1,2,1,3,3,3,3,3,3,2,2,1,1,3,2,2,3,3,3,1,3,3,1,2,3,1,2,2,1,3,3,1,1,2,1,3,2,3,1,1,2,1,2,3,3,1,3,1,3,1,1,1,2,2,3,2,1,3,2,3,1,3,2,2,1,2,2,1,1,2,1,2,1,2,1,2,3,1,2,2,3,1,1,1,2,2,1,3,3,1,1,3,2,2,2,2,2,1,3,3,3,1,3,1,3,2,1,1,3,2,1,1,1,3,1,2,2,2,3,2,2,2,1,3,1,1,3,1,3,2,1,2,2,2,2,1,1,1,1,3,3,2,2,2,2,3,1,1,2,1,1,3,3,3,2,3,1,1,2,2,1,3,3,3,2,2,3,2,2,3,2,3,2,1,1,2,2,1,1,2,2,2,3,3,3,3,1,3,1,1,1,3,1,1,1,2,3,3,2,3,3,1,3,1,2,1,3,1,3,1,3,1,2,1,1,3,2,3,2,3,2,1,3,3,1,1,1,1,1,3,2,1,3,3,1,1,3,1,1,2,3,3,3,1,3,2,3,1,2,1,2,1,2,2,3,1,1,2,2,3,2,3,2,2,1,2,2,2,2,3,2,1,2,1,2,2,3,3,2,2,1,3,3,3,3,1,1,3,3,2,3,2,3,1,3,3,2,1,3,2,2,3,2,2,3,2,3,3,2,2,3,3,1,2,3,2,1,2,1,1,2,3,3,2,3,2,3,2,3,1,2,2,1,3,1,1,2,1,3,3,3,1,2,1,1,3,2,2,2,3,2,2,1,2,1,2,2,1,3,2,3,3,3,2,1,2,1,3,2,3,3,2,2,3,2,3,3,2,2,1,2,1,3,1,2,3,2,1,2,1,1,1,1,1,2,2,1,1,1,1,2,3,2,1,2,2,1,2,2,3,3,3,2,3,2,3,1,2,1,1,1,3,2,3,2,3,1,2,2,2,2,3,2,2,1,2,1,1,2,2,3,1,2,3,3,3,2,3,3,2,3,2,2,1,1,1,3,1,2,3,2,1,3,2,1,2,3,2,3,3,3,2,3,1,3,1,3,1,3,1,1,1,1,3,1,1,2,2,3,3,2,1,1,3,3,1,3,3,1,1,2,3,1,3,2,2,3,1,3,3,2,2,2,3,3,2,2,3,2,3,3,3,1,1,1,1,3,2,3,3,3,3,3,2,1,2,2,2,1,3,3,3,3,2,3,1,1,2,1,2,2,3,1,1,3,3,2,3,3,2,1,1,2,3,2,2,2,3,3,1,2,2,2,1,3,1,1,2,1,1,1,1,2,1,1,2,2,2,3,3,2,1,3,3,1,2,2,2,1,1,1,3,1,1,3,2,1,2,2,3,1,1,2,2,3,2,1,3,3,2,2,2,2,3,1,2,2,2,2,3,3,1,2,3,1,1,3,1,3,3,1,1,2,3,1,1,3,3,3,3,2,2,1,3,1,2,1,3,1,1,3,2,3,2,1,1,1,3,1,2,1,2,3,1,1,2,1,1,2,1,3,3,2,1,2,3,3,2,1,1,2,3,2,2,1,1,1,3,3,3,3,1,1,3,3,3,2,3,1,2,3,1,2,2,2,1,3,2,1,3,3,2,1,2,2,2,1,1,2,1,1,3,1,2,3,2,3,1,3,2,3,1,2,1,3,1,2,2,2,3,1,3,2,2,2,3,2,1,1,3,2,1,3,1,1,2,1,2,2,1,1,3,2,1,3,3,1,3,2,1,3,1,2,3,1,2,2,3,2,2,2,2,1,1,1,3,2,3,3,1,1,1,3,3,3,2,2,1,3,3,3,3,2,1,1,2,3,2,1,1,2,3,2,1,1,3,3,1,3,3,3,3,3,2,3,2,3,1,2,3,3,1,2,2,2,1,3,2,2,1,2,3,2,1,3,3,3,1,3,2,1,3,3,1,2,3,1,3,1,2,2,2,3,3,1,1,1,2,3,1,3,2,3,3,1,3,2,1,1,3,3,1,3,1,2,3,1,1,3,2,2,2,3,2,2,2,2,3,2,3,2,3,3,3,2,2,1,2,3,3,1,3,1,1,3,2,3,2,2,2,2,1,1,1,3,3,2,2,3,1,2,3,3,3,3,1,3,3,3,2,1,2,1,2,3,1,2,3,2,2,3,1,2,2,1,1,3,1,1,2,2,1,2,3,2,3,2,2,1,2,1,3,2,3,2,3,2,1,2,3,2,1,2,1,1,1,1,2,3,3,1,1,1,2,2,1,2,2,2,3,2,1,3,3,3,3,1,2,2,3,1,3,3,1,2,2,1,3,2,2,3,1,3,3,2,3,2,3,2,2,1,2,3,3,1,1,2,1,2,2,1,3,3,1,3,2,3,1,3,2,3,2,3,2,3,2,2,2,2,2,3,3,2,2,2,1,1,3,3,1,3,3,1,2,1,1,3,1,3,2,1,2,3,3,3,1,1,2,3,2,1,1,2,1,1,1,3,2,3,3,2,3,1,2,3,3,2,1,1,3,3,3,2,3,1,3,1,2,1,2,1,2,3,1,2,2,1,3,3,2,3,1,3,1,3,3,2,1,1,3,1,3,3,2,3,1,3,2,2,1,2,2,3,2,3,2,1,1,1,3,2,1,2,2,2,2,3,1,1,1,1,2,3,2,1,3,1,3,1,1,3,3,2,3,1,1,2,2,1,1,1,2,2,1,3,1,1,1,2,2,3,2,2,1,2,3,1,3,3,1,2,2,3,3,3,3,3,2,3,2,1,3,2,1,1,2,1,3,3,3,2,3,2,1,2,1,2,2,2,2,2,2,2,1,2,3,2,1,2,3,2,1,2,2,1,3,3,1,3,2,3,2,3,1,3,2,3,2,1,2,3,2,1,1,2,2,1,3,3,1,2,1,3,2,3,1,3,2,1,1,2,1,1,3,3,3,3,3,3,1,1,2,2,1,1,2,1,3,3,2,3,2,1,2,2,2,2,2,1,1,1,1,1,3,2,1,1,1,1,1,3,1,2,2,1,3,2,3,1,3,1,2,3,1,2,2,1,2,2,2,3,1,3,1,2,2,3,2,1,3,3,1,2,3,1,2,1,1,3,2,1,3,1,1,1,3,3,3,1,3,2,3,3,1,3,1,1,1,3,1,3,3,1,3,1,3,2,2,1,2,3,1,1,3,2,1,1,2,1,2,3,2,1,3,3,1,3,3,3,3,3,1,2,1,1,2,2,2,1,1,1,2,3,2,2,3,2,1,1,1,3,3,1,3,2,2,1,3,2,1,1,3,3,2,1,3,1,3,3,2,1,3,2,2,1,1,2,3,1,3,1,2,1,1,3,1,2,1,2,3,1,1,1,1,3,2,3,3,3,2,2,2,2,2,2,3,2,1,2,3,1,3,1,1,1,3,1,1,3,1,3,1,3,3,2,3,1,1,1,3,1,2,2,3,3,1,3,2,1,2,1,2,2,1,2,2,1,3,2,1,2,3,2,3,1,3,1,1,1,3,3,1,2,2,3,3,1,3,3,1,3,1,1,3,1,3,1,1,3,3,2,2,3,3,3,1,1,1,3,1,2,2,2,3,1,1,2,1,2,2,1,2,3,3,3,2,2,2,2,2,2,3,1,3,3,3,2,3,2,2,3,1,2,2,2,3,3,3,1,2,3,1,2,3,3,1,2,2,2,1,1,1,1,3,1,1,2,3,1,1,1,1,3,3,3,3,1,1,3,2,2,1,3,2,2,1,1,3,3,2,3,1,3,2,2,2,2,2,1,2,2,1,1,2,1,1,3,3,2,1,3,3,2,2,1,3,3,3,3,3,1,1,1,1,1,2,3,3,3,1,3,3,3,3,3,3,2,1,3,2,3,3,1,2,3,2,2,3,3,3,3,1,3,3,1,2,1,1,2,1,3,3,1,3,1,3,3,3,1,3,2,2,2,1,3,2,2,2,2,3,3,1,2,1,2,1,3,2,2,1,2,1,1,1,3,3,2,1,2,3,2,1,3,1,3,2,1,3,1,1,2,3,1,1,2,3,2,2,1,1,2,1,2,2,2,1,1,3,3,1,2,2,2,2,1,3,1,2,1,1,3,1,3,1,2,3,1,3,2,1,2,1,1,2,1,3,3,1,2,1,2,1,1,3,3,1,3,3,2,3,1,1,1,3,3,1,1,2,2,1,3,2,3,1,2,3,3,2,3,1,3,2,1,2,1,3,3,1,3,2,3,1,1,2,2,3,3,1,1,1,1,1,1,3,2,2,2,3,1,2,1,1,1,2,1,2,2,3,2,2,3,2,1,1,3,2,1,2,3,2,3,1,2,3,3,2,3,1,1,1,3,2,2,3,2,1,3,1,2,2,3,2,2,3,3,2,2,2,2,1,1,1,3,1,3,1,3,3,1,1,3,3,3,2,1,1,1,1,3,2,2,3,3,3,2,3,1,1,1,3,3,3,1,3,3,3,1,3,2,1,3,1,1,1,1,2,1,3,2,1,3,2,1,1,3,3,1,2,1,1,3,2,3,3,1,3,3,2,2,2,3,1,3,1,1,1,2,2,1,1,3,3,3,1,3,3,1,1,3,3,1,2,3,3,1,3,3,3,2,2,1,3,2,2,3,1,2,1,3,2,2,1,2,3,3,2,2,3,1,2,3,1,1,1,2,3,1,1,3,3,3,3,3,1,1,2,2,2,3,2,3,2,2,1,3,3,1,1,3,2,3,1,1,2,3,2,1,2,1,3,2,3,1,3,1,3,3,2,3,3,1,1,3,3,3,3,2,1,3,2,1,2,3,3,1,3,2,2,1,2,2,1,1,1,2,3,2,2,1,2,1,2,3,1,2,3,1,2,1,1,3,2,3,1,3,3,2,1,3,2,1,2,3,1,1,1,1,1,2,3,2,3,2,2,2,3,3,3,3,1,3,3,2,3,1,1,2,3,1,2,3,1,1,2,1,2,1,1,1,2,2,2,3,1,3,2,3,3,3,2,1,1,3,1,1,3,2,1,3,2,1,1,1,3,2,1,1,2,1,2,2,1,1,1,3,3,3,1,1,1,1,3,2,1,1,1,3,2,1,1,1,3,3,3,1,2,2,2,2,1,2,1,3,1,2,3,3,2,1,2,1,3,3,3,2,2,1,3,1,3,1,3,3,3,3,2,1,2,3,1,1,3,1,3,2,2,2,2,2,2,3,1,1,2,2,3,1,3,1,3,3,3,2,1,2,1,2,3,2,1,3,3,2,2,2,3,3,1,2,3,2,2,3,2,3,3,3,2,2,1,1,3,1,1,3,1,1,2,1,2,1,1,3,3,3,3,2,1,1,2,1,2,3,3,2,1,2,1,3,1,3,3,3,3,1,1,2,2,3,1,1,3,3,2,2,1,1,3,3,3,2,2,3,2,3,3,2,2,2,2,3,1,1,3,2,3,1,2,2,2,3,1,1,2,2,2,2,2,1,2,1,2,2,3,2,1,2,1,2,2,3,2,3,1,1,3,1,2,3,1,1,3,3,2,2,1,2,2,2,2,2,3,1,1,2,1,2,3,3,2,3,2,2,3,3,3,1,2,2,2,1,1,3,3,3,2,1,3,3,1,3,3,2,2,3,1,1,3,1,2,2,2,2,2,3,3,3,2,1,3,1,2,2,2,3,3,2,2,1,2,3,1,1,3,1,1,3,3,3,2,1,2,3,1,2,3,2,2,2,2,3,1,3,2,1,3,3,1,2,1,1,3,1,2,1,3,3,2,2,1,1,1,2,2,3,2,2,1,3,3,1,1,3,1,2,3,2,3,3,2,2,3,3,3,2,2,2,1,3,1,1,1,2,1,2,3,1,1,1,2,1,3,1,1,3,3,2,3,1,3,3,1,1,1,3,2,2,1,2,1,2,2,2,1,1,2,3,2,2,2,2,3,2,1,3,1,3,2,1,2,2,1,3,2,1,2,1,2,2,3,1,1,2,1,2,3,1,1,1,3,3,3,2,1,1,2,2,1,2,2,3,1,3,3,3,1,3,3,1,1,1,3,1,3,1,3,1,1,2,1,1,3,2,3,3,3,2,3,1,1,3,2,2,3,1,1,3,2,1,1,2,2,1,1,3,2,2,3,1,3,3,3,2,2,1,3,3,2,2,3,2,1,3,3,1,1,2,1,3,3,1,1,3,2,1,2,2,2,1,2,3,3,2,2,3,3,3,2,1,2,3,2,3,3,2,1,3,1,2,2,3,3,3,1,2,1,2,1,2,2,3,1,3,2,1,2,3,1,1,3,3,2,2,2,3,2,3,3,3,1,1,2,3,3,2,3,3,3,1,1,3,3,3,1,3,2,1,3,3,3,2,2,1,1,3,1,1,2,1,1,3,1,1,3,3,3,3,2,2,3,1,3,3,1,3,2,2,3,2,1,3,1,1,1,1,3,2,3,1,2,1,2,3,3,3,1,1,3,3,1,3,1,1,3,3,2,3,1,2,1,2,3,3,2,3,2,1,2,1,3,2,3,2,1,3,2,2,3,3,1,1,2,1,3,1,3,3,1,2,2,1,1,2,2,2,2,3,1,2,3,1,3,1,3,2,3,3,3,1,2,3,2,3,1,3,1,3,3,1,2,1,3,2,3,3,3,1,2,1,1,3,1,2,3,2,2,1,2,3,2,2,1,1,2,2,1,1,2,2,3,2,2,1,1,2,1,3,2,3,3,2,2,3,1,1,1,3,3,3,2,1,2,2,1,1,2,2,1,1,2,3,2,1,3,2,1,2,3,2,3,2,3,2,3,3,1,1,3,2,1,3,1,3,1,2,3,2,1,2,2,2,1,1,3,1,2,3,2,1,1,3,2,2,3,2,2,2,1,2,2,3,1,1,1,1,2,2,1,2,1,1,3,1,3,2,3,3,3,3,3,3,3,3,1,3,2,1,3,1,2,3,1,1,1,1,3,3,2,1,1,1,1,1,1,2,3,2,3,2,1,3,3,3,2,1,3,1,2,2,2,3,2,3,3,1,1,1,3,2,2,2,1,2,3,3,2,3,3,1,1,2,1,2,1,3,2,1,2,1,2,2,2,3,2,2,1,1,1,2,1,3,3,3,3,2,1,1,1,3,1,2,1,1,3,1,3,3,2,3,1,2,1,1,2,3,3,1,3,3,3,1,2,3,2,2,2,3,3,3,1,1,2,3,1,2,3,2,2,3,2,2,1,3,1,2,3,3,1,2,3,3,1,3,1,2,1,3,1,3,1,1,3,2,1,1,3,1,1,1,3,1,1,3,2,3,1,1,2,2,3,2,1,1,1,3,1,1,1,3,3,2,3,1,2,1,1,2,1,3,1,2,3,2,1,3,2,2,2,3,1,1,2,3,1,3,3,2,1,3,2,2,1,3,2,3,1,2,1,2,3,3,3,2,1,2,1,1,1,3,2,2,1,2,2,2,2,1,1,1,3,2,1,3,3,2,1,2,2,3,2,1,1,3,3,1,3,2,2,3,2,1,2,3,2,3,3,3,1,1,1,3,3,3,2,1,2,3,1,2,3,3,1,1,1,3,3,1,1,1,3,1,3,3,2,3,1,2,3,2,2,3,1,3,2,3,1,2,2,1,3,2,1,2,3,1,1,2,2,3,1,2,1,1,2,1,2,2,3,1,2,1,3,1,1,3,2,2,3,1,1,1,3,3,3,3,1,2,1,1,1,1,1,2,1,3,2,1,1,2,3,1,1,1,1,3,1,2,1,1,1,1,3,2,2,2,1,2,2,1,3,3,2,2,1,3,2,3,3,2,1,1,2,3,3,3,2,1,3,1,3,3,2,1,1,1,1,2,1,2,1,3,3,1,3,3,1,3,3,2,2,3,3,3,1,3,1,3,3,1,2,2,2,2,3,3,3,3,1,2,1,1,1,3,1,3,2,3,1,1,1,2,1,2,1,1,2,3,1,2,3,1,3,3,1,2,3,3,3,3,1,2,3,1,3,2,3,3,3,3,3,2,3,1,1,3,3,2,1,2,3,1,3,3,3,2,3,2,1,2,1,1,2,1,2,2,2,1,3,1,1,2,3,3,1,3,2,3,1,1,1,3,1,1,2,1,2,1,3,3,3,1,2,3,1,3,3,1,2,1,2,1,3,3,3,1,1,1,1,3,2,3,3,3,2,2,1,2,3,1,3,1,1,2,3,3,3,1,1,1,1,3,1,1,1,2,3,2,2,3,1,1,2,1,2,1,2,1,2,3,2,2,2,2,2,3,3,3,3,2,2,2,2,1,3,3,1,3,3,2,1,2,2,2,1,2,1,3,3,3,2,3,1,1,1,1,2,2,2,1,2,3,3,3,1,3,3,1,2,3,2,3,1,3,3,2,1,1,3,1,2,3,2,3,2,2,3,1,1,2,3,2,2,2,3,3,2,3,3,2,3,1,3,1,2,3,1,2,2,1,1,1,1,1,3,3,3,3,2,3,3,2,3,1,1,2,1,3,1,3,2,2,1,1,2,2,1,3,1,2,2,2,1,1,1,2,1,1,1,3,3,3,3,2,2,3,3,1,2,3,2,3,1,3,3,1,2,1,1,2,2,1,2,3,2,2,1,3,2,2,1,2,1,1,3,3,3,3,1,2,1,2,2,2,1,1,1,1,3,2,3,3,3,3,3,1,1,3,2,3,1,2,3,2,3,3,3,2,3,1,2,1,3,3,3,2,2,1,3,1,3,3,2,3,3,1,3,1,1,1,3,1,3,1,2,2,2,1,3,1,2,1,2,1,2,1,3,2,3,3,3,2,2,2,1,2,2,2,1,1,2,2,3,1,1,3,2,3,2,2,3,1,3,3,1,2,1,2,2,3,2,3,1,3,1,2,1,1,2,1,1,1,2,3,3,2,1,1,2,3,1,2,2,2,2,2,3,1,2,2,1,3,1,3,3,3,2,2,2,1,1,1,2,1,2,1,1,1,2,3,1,3,3,3,1,2,2,1,2,2,3,2,2,1,1,3,1,3,3,3,3,2,3,3,3,1,1,2,1,3,2,1,1,1,1,3,2,2,2,3,3,1,1,1,3,2,1,2,1,2,3,2,1,2,1,3,1,1,3,2,1,3,3,2,2,1,2,2,1,1,1,1,1,2,2,2,2,2,1,1,2,3,3,2,3,2,3,3,2,3,3,1,1,3,1,1,1,3,2,3,1,3,2,2,1,3,3,2,3,1,3,3,2,1,2,1,1,3,2,3,1,1,1,3,1,3,1,3,2,1,3,1,2,2,1,1,1,1,2,1,1,3,3,1,2,2,1,1,3,2,3,2,2,3,2,1,1,3,1,2,1,3,2,2,1,3,3,1,1,2,3,3,1,1,2,2,3,2,3,2,1,2,3,2,1,2,2,3,3,3,3,3,3,3,1,3,1,1,1,2,2,1,2,2,1,1,3,3,1,1,1,2,1,1,2,3,2,3,3,2,3,1,2,3,2,3,1,1,3,1,1,1,2,2,1,2,2,2,3,2,2,1,2,3,3,3,3,3,3,1,1,2,3,2,1,1,3,3,3,3,3,2,1,2,3,2,2,2,3,2,2,3,1,1,1,3,3,2,1,1,2,3,1,3,1,3,2,2,2,3,1,1,1,3,2,3,3,3,1,2,2,2,2,3,2,2,1,2,1,3,3,2,3,2,3,1,2,1,1,2,3,3,2,2,1,3,1,2,3,1,1,3,2,2,1,1,3,3,1,3,2,2,3,2,1,1,1,3,2,2,3,3,2,2,2,3,2,1,2,1,1,1,2,1,1,3,3,1,3,3,2,1,3,3,3,2,3,1,2,2,3,3,1,1,1,3,1,3,3,2,2,3,2,1,3,2,1,3,1,3,3,1,2,2,1,1,2,3,2,3,1,3,1,2,2,2,1,1,3,3,3,2,3,1,3,3,2,3,1,2,1,3,3,2,3,1,3,3,3,2,1,2,3,3,3,3,1,2,3,2,3,1,2,3,1,2,1,3,2,1,1,2,2,1,2,1,2,2,3,1,1,2,3,3,2,1,1,2,3,2,3,2,2,2,3,1,3,3,2,2,3,1,1,1,2,1,2,3,2,1,3,1,3,3,3,3,2,1,1,1,2,2,3,2,1,2,3,3,1,2,1,2,2,1,1,2,2,1,3,2,1,3,1,1,1,3,1,1,1,3,2,1,3,2,1,2,1,2,1,3,1,1,3,2,2,3,3,3,3,3,2,1,2,2,2,1,3,2,2,3,1,3,3,1,3,1,2,2,2,3,1,1,1,2,2,2,1,2,3,3,3,1,1,1,1,1,2,1,1,2,2,1,1,3,1,2,2,3,3,3,3,3,3,3,1,3,1,1,1,3,2,1,1,2,2,3,2,2,3,2,3,2,2,1,1,3,3,2,2,2,1,2,3,1,3,2,2,1,3,1,2,2,1,3,3,3,3,1,2,1,3,3,1,1,2,3,1,3,1,3,3,2,3,2,1,2,1,1,1,2,3,2,1,3,3,1,3,3,2,2,1,3,1,1,2,2,1,2,2,1,2,3,1,1,3,2,3,1,1,2,2,3,1,2,3,3,2,1,3,1,1,2,2,3,3,3,1,1,1,1,1,1,3,2,1,1,3,2,2,1,1,2,1,3,3,2,2,1,3,2,1,2,2,2,1,2,1,1,2,1,2,2,3,1,1,1,2,2,1,3,2,2,1,2,3,3,2,3,1,1,3,1,1,2,2,3,1,2,3,2,2,3,2,3,3,3,1,3,2,2,2,3,2,1,2,1,2,2,2,3,2,1,2,1,1,3,3,3,1,2,1,3,1,3,3,3,1,3,2,3,1,3,3,1,1,3,2,1,2,2,3,3,1,3,2,3,3,3,3,3,1,3,1,1,2,3,2,1,2,3,3,2,3,3,1,2,1,1,2,1,1,2,2,3,2,2,1,3,3,1,3,2,3,1,3,2,2,1,2,3,1,3,3,1,2,3,3,2,3,2,2,2,2,1,3,1,1,2,1,3,3,1,1,3,2,2,2,2,3,3,2,2,3,2,3,1,3,1,3,2,1,2,3,3,1,1,1,1,1,1,2,2,2,1,2,3,1,2,3,1,2,2,1,2,1,1,2,2,1,2,3,2,3,3,3,2,3,2,1,3,3,1,1,3,1,1,3,2,1,2,1,2,1,1,3,1,2,3,2,1,1,3,2,1,3,3,2,2,3,1,1,1,1,3,3,3,2,3,1,1,1,1,2,3,3,2,2,1,3,2,1,2,3,2,3,3,1,2,3,3,2,1,1,2,3,2,1,3,2,2,1,1,3,2,3,3,3,3,2,2,2,1,3,3,2,3,2,1,1,2,2,1,3,1,1,2,3,1,2,3,1,3,1,3,2,3,3,3,3,1,1,3,3,3,3,2,1,2,1,1,2,3,2,1,3,1,2,3,1,2,1,3,2,2,3,2,3,3,1,3,1,1,1,3,3,2,1,1,1,2,3,2,2,1,3,1,3,3,2,2,1,2,1,3,1,1,2,1,2,2,3,1,1,1,2,2,1,1,1,2,3,3,2,3,2,2,3,2,2,3,2,2,3,3,3,1,2,1,3,1,3,1,1,2,3,1,2,1,2,2,1,1,1,1,1,3,2,1,2,2,3,1,1,3,2,3,1,3,2,1,3,3,2,2,2,1,1,1,3,2,2,2,3,2,1,1,2,1,3,2,3,2,2,2,2,3,1,2,3,2,2,1,1,3,2,1,1,3,2,3,2,2,3,2,1,2,3,1,1,3,1,3,1,1,1,3,2,1,1,3,1,3,2,2,3,3,1,2,2,1,2,3,3,3,1,1,1,2,2,1,1,1,1,1,3,1,1,3,3,2,2,2,3,1,3,2,1,3,3,2,1,1,2,3,1,1,2,1,2,3,2,2,2,3,3,1,3,2,2,3,3,3,1,1,2,2,1,3,3,3,1,3,3,3,3,1,1,1,1,1,1,3,2,3,2,3,3,1,1,2,1,1,1,2,3,3,1,2,3,2,1,3,1,1,2,3,1,3,3,1,3,3,3,1,2,3,2,3,3,1,2,3,2,1,3,3,3,2,1,3,2,1,2,2,2,3,1,2,2,1,2,3,2,3,2,3,1,3,1,1,1,3,2,1,2,2,3,3,3,1,2,2,2,1,2,1,2,2,1,3,1,1,1,2,3,2,2,2,3,2,3,1,1,3,3,1,1,2,1,1,3,1,1,2,2,3,3,3,1,2,1,2,1,2,3,3,2,2,2,3,1,2,3,3,2,2,1,2,2,3,1,2,3,2,1,3,2,2,2,1,2,3,3,3,3,1,2,1,2,2,3,3,1,3,2,1,3,1,2,2,3,2,1,1,3,1,2,1,2,3,2,3,3,2,3,1,1,1,3,1,1,1,3,2,1,1,2,1,2,2,1,2,2,3,1,3,3,3,1,3,1,2,2,2,2,2,1,2,3,1,3,2,3,1,1,1,1,2,3,2,1,1,1,2,2,1,2,3,1,1,3,3,3,1,1,2,2,2,1,3,1,1,3,3,1,1,2,1,2,2,3,3,3,3,1,2,3,3,3,1,1,1,1,1,3,1,1,2,3,2,2,1,2,2,3,3,2,3,2,3,2,2,2,3,3,1,1,1,1,2,1,2,1,3,1,2,3,3,2,1,1,3,2,1,3,1,2,3,1,2,2,2,1,2,2,2,3,1,2,3,3,1,1,2,2,1,3,1,2,2,2,3,3,3,3,2,3,3,2,1,2,1,1,3,2,3,2,2,1,3,1,2,3,3,1,3,3,2,2,1,1,3,1,3,2,3,3,2,2,1,3,1,2,1,1,1,2,2,3,2,1,2,2,2,3,1,3,3,1,3,3,2,1,2,1,2,1,2,3,1,3,2,1,3,3,3,2,3,2,1,3,1,2,3,1,1,3,1,3,1,2,2,1,3,2,1,1,3,2,3,2,3,2,2,2,2,3,3,1,1,2,3,1,3,3,2,3,1,3,1,1,1,2,1,2,3,1,3,2,1,2,3,3,3,3,3,2,1,2,3,3,2,2,3,1,3,3,2,3,3,2,1,3,2,2,2,3,1,2,2,2,3,3,2,2,2,2,2,3,2,1,2,3,2,2,3,3,3,3,3,3,2,2,1,1,3,1,3,3,3,2,3,1,2,2,2,3,2,2,1,1,3,2,1,3,2,3,2,2,1,1,3,1,1,1,2,2,1,1,2,1,3,3,2,2,3,3,2,1,1,2,2,3,2,3,2,3,3,3,3,1,3,1,2,2,3,1,2,3,2,2,1,2,2,1,2,1,3,2,3,2,3,3,2,1,3,3,2,2,1,1,2,3,1,2,2,2,3,1,2,2,2,3,1,3,2,3,2,2,3,2,2,2,1,1,1,2,2,2,3,1,1,2,3,3,2,2,3,1,1,3,1,1,1,1,1,1,3,3,2,3,1,3,1,2,2,1,2,3,3,1,3,1,2,3,1,2,2,2,2,1,2,1,1,3,2,1,1,2,2,3,3,3,1,3,1,2,2,3,1,2,1,2,3,3,1,2,3,3,2,2,1,1,2,3,1,1,3,2,1,2,3,2,2,1,3,3,1,2,1,1,3,2,2,2,3,3,3,3,3,2,1,3,2,2,3,1,1,2,3,3,1,1,3,3,3,2,2,2,2,2,2,1,2,1,3,3,3,2,1,2,3,1,3,3,1,3,2,1,3,3,1,3,1,3,2,2,2,2,1,3,3,3,2,1,2,3,2,1,1,2,1,1,2,3,2,1,1,3,3,3,1,1,3,1,1,1,1,1,2,2,1,3,1,2,3,3,2,2,1,2,2,1,1,2,2,2,2,1,2,1,3,2,2,2,2,3,3,2,1,3,2,2,1,3,1,1,1,1,3,2,2,2,3,2,1,3,3,1,2,2,2,3,1,3,2,2,2,2,1,1,3,3,3,3,3,1,3,2,3,1,3,3,2,1,2,1,2,1,3,3,2,3,1,2,3,1,1,1,1,3,1,3,3,1,2,1,3,2,3,2,1,2,2,3,2,2,2,1,3,3,2,2,1,3,3,3,3,2,2,1,1,2,3,3,3,3,2,2,1,2,3,2,1,3,3,3,1,1,1,2,2,3,2,2,3,3,3,2,2,3,1,1,1,2,3,1,2,2,1,1,3,1,2,3,1,2,2,3,2,1,2,2,1,1,3,3,3,3,1,3,2,3,1,1,1,1,2,2,2,1,1,3,3,2,1,2,2,2,1,3,1,3,3,3,3,3,1,2,3,1,1,1,1,2,2,2,2,3,3,1,1,3,3,2,1,1,3,3,1,1,1,2,2,1,2,2,1,1,3,3,3,1,1,2,3,1,3,2,1,2,3,1,3,1,1,3,1,2,3,1,2,3,3,2,1,1,3,3,1,2,3,1,3,3,3,3,1,1,3,3,2,2,2,2,3,3,3,2,2,1,2,1,2,3,3,2,2,1,2,3,2,1,3,3,1,3,2,3,2,1,3,1,3,3,2,1,1,1,3,1,3,3,1,3,3,3,1,3,3,2,3,1,1,3,2,1,2,1,3,1,3,1,3,1,2,1,2,1,3,1,2,1,2,1,1,1,3,2,2,2,1,1,3,3,1,1,2,3,2,3,2,1,1,2,2,1,2,1,1,1,1,1,3,3,2,1,3,2,1,1,1,1,1,1,1,3,2,2,1,2,3,2,1,2,2,2,1,1,1,1,3,1,1,1,2,1,1,3,1,3,1,3,2,1,2,3,3,3,1,2,2,1,2,1,1,3,3,3,2,3,2,3,1,3,2,1,3,3,1,3,3,2,3,2,2,1,3,3,1,1,3,2,1,3,3,3,2,3,1,3,1,1,1,3,2,1,3,2,3,1,2,2,1,2,1,2,1,1,2,1,3,1,2,1,1,2,2,2,1,1,1,1,1,3,3,2,3,1,3,1,2,3,3,1,2,3,1,3,3,3,3,1,3,1,2,2,3,3,3,2,2,3,2,2,2,1,3,1,3,3,2,3,2,1,2,3,2,2,1,3,1,2,2,2,3,2,2,1,3,1,2,3,2,2,2,2,2,1,2,3,3,1,3,1,3,3,2,3,3,1,2,2,2,2,3,2,2,1,3,1,1,3,2,1,3,3,3,1,1,2,3,1,1,3,1,2,1,1,2,3,3,3,1,3,3,3,1,1,3,2,3,1,1,3,2,1,2,3,3,1,1,3,1,1,1,3,1,3,1,3,1,1,1,1,2,2,2,2,2,1,2,3,2,2,3,1,1,2,2,3,3,2,1,1,1,1,2,1,2,2,1,2,2,1,1,2,2,1,3,2,1,2,2,2,3,3,3,2,2,2,1,3,1,3,3,1,2,2,3,3,3,2,3,3,1,2,1,2,1,2,1,1,2,3,2,1,2,1,1,3,2,1,1,3,2,1,3,2,1,3,1,1,3,3,3,3,3,1,2,3,2,1,2,3,1,2,3,2,3,2,1,1,2,1,1,2,1,2,1,2,1,1,2,3,3,2,2,3,1,3,3,3,3,1,2,3,2,3,3,3,3,2,1,3,3,2,3,1,3,3,1,3,3,3,1,2,2,1,3,1,1,2,3,3,3,3,1,1,2,1,1,2,3,2,1,2,2,1,3,1,2,2,2,2,1,3,3,2,2,2,2,2,3,3,2,1,2,1,1,2,2,1,2,1,3,1,3,3,3,1,3,2,1,1,2,2,3,1,2,3,3,2,1,2,3,2,2,1,2,1,2,3,3,2,1,2,3,2,1,3,1,1,2,2,3,1,2,2,1,2,2,2,1,3,1,1,3,2,3,1,1,2,2,2,3,2,1,3,1,2,2,1,3,1,3,3,2,2,1,1,1,1,1,2,2,1,2,3,3,2,1,1,3,1,3,1,3,1,1,1,2,2,3,1,3,2,2,2,1,1,1,2,2,1,1,2,3,2,3,1,2,3,3,3,1,3,3,3,3,2,2,2,2,2,3,2,2,3,2,2,1,1,2,3,2,1,2,2,1,2,2,2,3,1,3,3,3,2,3,2,1,2,1,1,3,3,2,2,2,3,1,1,2,3,1,2,3,2,1,3,1,1,2,2,2,1,1,2,3,1,2,2,2,3,1,3,2,3,2,1,1,1,1,2,1,3,1,1,2,1,2,2,1,2,3,1,2,3,1,3,2,3,1,1,2,3,1,2,1,1,1,1,3,2,1,1,3,3,1,3,3,3,1,1,3,1,2,2,1,3,1,3,1,3,3,3,2,3,1,3,3,3,3,2,1,1,2,2,3,3,2,3,2,2,1,2,3,2,2,2,1,2,1,3,3,2,2,3,1,2,2,2,2,3,3,2,1,2,2,1,2,2,3,2,2,2,2,3,2,2,2,3,1,1,2,1,1,2,1,3,1,1,2,3,3,3,3,3,3,1,3,1,2,2,3,2,1,3,3,1,1,1,3,3,2,3,1,2,3,2,3,3,3,3,1,2,2,1,1,2,1,2,3,1,2,1,3,2,2,3,2,2,3,1,3,1,1,3,3,2,1,2,3,3,1,2,3,3,1,2,3,3,1,2,1,3,2,2,1,3,2,1,1,1,3,3,2,3,1,2,3,1,3,2,1,3,3,1,3,1,1,3,3,3,2,3,1,2,2,1,2,2,2,2,2,2,1,2,2,2,3,1,2,3,3,2,2,3,1,2,2,3,3,1,2,2,3,1,1,2,2,3,1,1,2,1,3,1,3,1,3,3,3,3,3,3,1,1,1,3,1,2,2,1,2,3,2,3,3,2,3,1,2,2,2,2,3,1,3,2,3,2,1,2,2,1,3,3,2,3,2,3,1,3,1,3,1,3,2,2,2,2,3,1,1,1,3,1,3,2,2,1,3,3,1,1,3,1,2,3,2,1,1,3,1,3,1,1,3,3,1,3,1,1,1,1,1,2,3,1,3,2,3,2,2,3,2,1,2,1,1,3,2,1,1,3,1,3,3,3,1,2,2,3,2,1,1,3,3,1,3,1,1,2,1,3,2,2,1,1,3,1,3,2,1,2,2,2,3,1,2,1,3,3,2,2,3,2,1,2,2,3,3,1,3,2,3,2,3,3,1,2,1,2,3,2,1,2,3,1,3,3,3,2,1,1,3,3,2,2,3,1,1,3,3,2,3,2,1,3,2,2,1,1,3,3,2,2,3,3,2,3,3,1,2,1,3,2,2,3,3,3,1,2,2,2,2,1,1,2,2,3,3,2,1,2,3,1,1,3,2,1,2,2,1,1,3,1,1,2,2,1,3,3,3,1,1,2,1,3,3,3,3,2,1,2,1,1,2,1,1,3,2,3,1,1,2,1,1,3,2,3,1,3,1,2,3,3,2,1,3,2,2,2,3,1,1,3,1,1,3,2,1,1,3,3,1,2,1,1,3,3,2,2,1,2,1,3,3,1,3,2,3,2,1,1,3,3,2,3,2,1,3,3,3,2,1,1,1,3,1,2,1,3,2,2,1,1,2,3,1,3,3,1,3,2,3,3,2,2,2,1,1,1,1,1,1,1,3,1,3,2,3,1,2,3,3,1,1,1,1,1,3,1,2,1,3,1,3,2,1,2,2,2,3,3,1,3,1,2,3,1,1,2,3,1,3,3,3,2,1,2,1,2,2,2,2,1,3,2,1,1,1,3,3,1,3,2,3,1,1,1,3,2,2,3,3,3,3,3,1,1,1,2,2,1,3,1,2,1,3,3,2,1,3,2,1,3,1,2,1,2,1,1,1,2,3,1,1,1,2,2,2,3,1,1,2,2,3,3,3,1,3,3,1,2,2,1,2,3,1,2,3,1,3,3,1,3,3,3,2,3,3,3,3,3,3,2,3,3,3,3,1,1,3,2,1,2,1,3,2,3,1,1,2,2,1,1,1,1,2,1,1,3,2,1,3,3,3,2,1,3,1,2,3,2,3,2,2,2,3,1,1,3,3,3,2,3,3,2,1,1,3,3,3,1,1,3,2,3,1,3,3,2,2,2,2,1,2,3,1,2,3,2,1,1,3,2,2,1,2,3,2,1,1,1,3,3,3,1,3,3,2,3,1,2,3,3,3,2,1,2,2,1,3,3,2,2,2,1,1,3,2,1,3,2,3,2,2,1,3,2,3,1,3,3,1,1,1,2,1,2,2,2,3,1,1,2,3,3,3,3,1,3,3,1,3,2,2,1,3,1,2,3,1,2,1,3,1,2,2,3,2,2,1,2,1,2,3,3,3,1,2,1,3,1,1,3,1,3,1,1,3,1,3,1,2,1,3,3,2,2,1,1,2,3,2,2,1,3,2,1,2,3,1,2,3,2,2,1,3,1,3,2,1,1,3,2,3,1,1,2,2,2,3,3,1,1,3,2,2,1,2,2,1,1,2,2,3,1,1,2,2,2,1,1,3,1,1,3,2,3,1,2,1,2,1,2,1,1,2,2,3,3,2,2,2,3,1,3,2,2,2,1,1,1,2,2,3,1,1,2,3,1,1,2,2,1,2,1,1,1,1,3,1,2,3,1,2,1,3,1,3,1,2,3,1,3,3,2,2,3,1,3,2,2,3,3,1,1,3,3,2,1,2,3,2,2,1,3,1,3,3,2,2,1,3,1,1,3,2,3,3,2,2,3,1,2,3,2,1,1,3,3,3,2,3,1,1,3,3,2,2,2,1,2,1,3,1,1,2,3,3,1,1,3,3,1,3,3,1,2,1,2,2,2,3,2,2,3,1,1,2,1,3,2,2,1,1,3,3,3,3,2,2,1,2,1,1,3,3,1,1,2,3,1,3,1,1,3,2,3,1,3,2,2,2,2,3,1,1,1,2,1,3,1,2,1,1,3,3,2,2,1,1,1,2,2,1,1,1,2,3,2,2,3,2,1,2,2,3,2,1,3,3,2,2,1,3,3,1,2,1,3,3,3,3,1,2,2,1,1,1,3,2,2,2,2,1,3,3,2,1,3,2,2,3,2,2,1,2,1,2,1,1,1,3,2,3,1,2,2,2,2,3,2,2,3,3,1,2,3,3,3,3,1,2,3,3,3,1,2,1,1,3,1,2,2,3,1,3,2,2,3,2,3,3,2,3,1,2,2,2,2,2,2,1,3,1,2,1,3,3,3,2,3,1,1,2,3,3,1,2,1,1,2,3,2,3,3,2,1,3,3,3,1,2,2,2,3,2,3,3,1,3,1,3,1,3,2,3,3,1,3,2,2,2,2,1,3,1,2,2,3,3,1,2,2,3,2,2,1,1,1,3,2,3,3,2,3,1,1,1,2,1,2,1,3,1,1,1,1,1,1,2,3,2,3,1,3,3,2,1,3,3,2,2,3,2,3,1,2,1,2,1,2,2,3,2,1,3,2,2,3,3,1,1,1,3,3,3,2,2,3,2,2,2,3,1,2,1,1,3,1,3,3,3,2,1,3,2,2,3,1,3,3,2,1,2,3,3,1,2,3,2,1,1,3,1,2,1,3,2,1,1,3,1,3,2,1,2,1,1,2,2,2,3,1,3,1,3,1,1,1,2,3,2,1,3,2,1,3,2,2,2,1,1,1,3,3,1,1,3,3,2,2,2,1,1,2,1,2,1,3,3,3,1,1,1,1,2,1,1,3,2,1,1,3,3,3,3,1,2,3,3,2,1,2,1,3,2,3,1,2,1,1,2,3,2,3,2,3,3,2,1,1,3,2,1,2,2,3,3,3,3,2,2,2,1,3,3,3,2,1,3,3,2,1,1,3,2,1,2,2,2,3,1,1,1,3,3,2,3,3,3,3,2,3,2,2,3,1,1,1,3,2,3,2,2,1,1,3,1,3,1,1,2,2,1,3,3,3,2,1,1,3,3,1,2,2,3,3,1,1,1,3,2,3,2,3,3,2,1,1,1,1,2,3,2,3,3,1,1,3,1,2,1,1,2,2,2,2,1,3,1,3,3,3,3,3,3,3,1,3,3,2,1,1,2,2,1,2,3,2,3,1,3,1,1,3,2,1,2,1,2,2,3,1,2,1,3,2,1,3,2,3,3,2,3,3,1,3,2,2,1,3,2,2,3,2,2,2,1,2,3,2,3,3,3,2,3,1,3,3,1,3,3,3,3,1,2,2,2,1,3,3,3,2,3,1,1,2,3,3,3,1,3,3,1,2,3,1,3,1,3,2,1,1,3,3,3,2,2,3,3]
    )

class Solution:
    def sortList(self, head: Optional[ListNode]) -> Optional[ListNode]:

        if head is None:
            return None

        def merge_sort(head: ListNode | None) -> ListNode | None:
            if head and head.next:
                mid = get_mid_node(head)
                prev_node = prev_node_to_mid(head, mid)
                assert prev_node is not None
                prev_node.next = None  # this will create two lists, one with left: head, right: mid

                left_head = merge_sort(head)
                right_head = merge_sort(mid)
                
                return merge_sorted_linked_lists(left_head, right_head)

            else:
                return head
        
        def merge_sorted_linked_lists(left_head: ListNode | None, right_head: ListNode | None) -> ListNode | None:
            pre_head: ListNode | None = ListNode(0)  # this node is for tracking the head of the sorted linked list
            curr: ListNode | None = pre_head 
            while curr and left_head and right_head:  # curr is used for type narrowing
                if left_head.val < right_head.val:
                    curr.next = left_head
                    curr = curr.next
                    left_head = left_head.next

                else:
                    curr.next = right_head
                    curr = curr.next
                    right_head = right_head.next
                
            curr.next = left_head if left_head is not None else right_head
            return pre_head.next

        def get_mid_node(head: ListNode | None) -> ListNode | None:
            slow: ListNode | None = head
            fast: ListNode | None = head
            while fast and fast.next:
                assert slow is not None
                slow = slow.next
                fast = fast.next.next

            return slow 

        def prev_node_to_mid(head: ListNode | None, mid: ListNode | None) -> ListNode | None:
            while head and head.next != mid:
                head = head.next
            return head
        
        return merge_sort(head)

solution = Solution()
head = solution.sortList(ll.head)
while head:
    print(head.val)
    head = head.next
